output_file = "12-1-C-100-2.00-143.csv";

n_days = 100;
n_shelf_types = 2;
n_crops = 1;

num_shelves = [
    8, 4
];


crop_shelf_type_compatible = [
    [1, 1]
];

crop_growth_days = [15];

n_configurations = 2;

crop_growth_day_config = [
    [1, 1, 1, 2, 2, 2, 2, 2, 2, 2, 2, 2, 2, 2, 2]
];

capacity = [
    [12, 12],
[12, 12]
];

demand = [
    [0, 0, 0, 0, 0, 0, 0, 0, 0, 0, 0, 0, 0, 0, 0, 14, 0, 36, 0, 30, 0, 8, 18, 0, 36, 22, 0, 0, 0, 0, 0, 0, 0, 0, 0, 0, 0, 0, 0, 0, 12, 0, 16, 6, 0, 0, 0, 10, 12, 12, 10, 16, 0, 0, 0, 0, 0, 16, 0, 0, 44, 12, 0, 0, 0, 0, 0, 26, 0, 0, 0, 0, 16, 18, 0, 0, 0, 0, 0, 0, 38, 0, 0, 12, 0, 0, 0, 0, 38, 0, 0, 14, 0, 0, 0, 0, 0, 0, 0, 0]
];
