output_file = "12-1-B-100-1.80-88.csv";

n_days = 100;
n_shelf_types = 2;
n_crops = 1;

num_shelves = [
    8, 4
];


crop_shelf_type_compatible = [
    [1, 1]
];

crop_growth_days = [15];

n_configurations = 2;

crop_growth_day_config = [
    [1, 1, 1, 2, 2, 2, 2, 2, 2, 2, 2, 2, 2, 2, 2]
];

capacity = [
    [12, 12],
[12, 12]
];

demand = [
    [0, 0, 0, 0, 0, 0, 0, 0, 0, 0, 0, 0, 0, 0, 0, 0, 0, 0, 0, 34, 0, 32, 32, 0, 81, 82, 50, 21, 0, 0, 28, 88, 0, 0, 0, 0, 41, 32, 0, 91, 43, 30, 0, 0, 32, 0, 0, 0, 0, 0, 0, 39, 0, 0, 0, 0, 36, 0, 0, 0, 73, 0, 0, 0, 39, 0, 70, 46, 0, 0, 27, 0, 0, 79, 75, 0, 0, 0, 36, 0, 0, 0, 0, 0, 32, 34, 0, 0, 106, 0, 27, 0, 30, 0, 0, 0, 0, 0, 41, 0]
];


missed_demand_penalty = [
    [0, 0, 0, 0, 0, 0, 0, 0, 0, 0, 0, 0, 0, 0, 0, 0, 0, 0, 0, 1, 0, 1, 1, 0, 1, 1, 1, 1, 0, 0, 1, 1, 0, 0, 0, 0, 1, 1, 0, 1, 1, 1, 0, 0, 1, 0, 0, 0, 0, 0, 0, 1, 0, 0, 0, 0, 1, 0, 0, 0, 1, 0, 0, 0, 1, 0, 1, 1, 0, 0, 1, 0, 0, 1, 1, 0, 0, 0, 1, 0, 0, 0, 0, 0, 1, 1, 0, 0, 1, 0, 1, 0, 1, 0, 0, 0, 0, 0, 1, 0]
];