output_file = "12-1-F-100-1.40-302.csv";

n_days = 100;
n_shelf_types = 2;
n_crops = 1;

num_shelves = [
    8, 4
];


crop_shelf_type_compatible = [
    [1, 1]
];

crop_growth_days = [35];

n_configurations = 4;

crop_growth_day_config = [
    [1, 1, 1, 1, 1, 1, 1, 2, 2, 2, 2, 2, 2, 2, 2, 2, 2, 3, 3, 3, 3, 3, 3, 3, 3, 3, 3, 3, 3, 3, 3, 4, 4, 4, 4]
];

capacity = [
    [12, 12, 10, 10],
[12, 12, 10, 10]
];

demand = [
    [0, 0, 0, 0, 0, 0, 0, 0, 0, 0, 0, 0, 0, 0, 0, 0, 0, 0, 0, 0, 0, 0, 0, 0, 0, 0, 0, 0, 0, 0, 0, 0, 0, 0, 0, 0, 0, 5, 0, 0, 0, 0, 0, 0, 8, 0, 0, 9, 0, 5, 0, 0, 22, 0, 7, 0, 7, 0, 0, 0, 0, 19, 0, 12, 0, 7, 0, 0, 0, 0, 0, 14, 12, 0, 0, 0, 4, 11, 0, 11, 0, 0, 12, 0, 0, 0, 14, 0, 0, 11, 0, 0, 0, 0, 0, 23, 19, 2, 0, 0]
];
