output_file = "12-1-E-60-2.00-215.csv";

n_days = 60;
n_shelf_types = 2;
n_crops = 1;

num_shelves = [
    8, 4
];


crop_shelf_type_compatible = [
    [1, 1]
];

crop_growth_days = [35];

n_configurations = 4;

crop_growth_day_config = [
    [1, 1, 1, 1, 1, 1, 1, 2, 2, 2, 2, 2, 2, 2, 2, 2, 2, 3, 3, 3, 3, 3, 3, 3, 3, 3, 3, 3, 3, 3, 3, 4, 4, 4, 4]
];

capacity = [
    [12, 12, 12, 12],
[12, 12, 12, 12]
];

demand = [
    [0, 0, 0, 0, 0, 0, 0, 0, 0, 0, 0, 0, 0, 0, 0, 0, 0, 0, 0, 0, 0, 0, 0, 0, 0, 0, 0, 0, 0, 0, 0, 0, 0, 0, 0, 0, 56, 0, 76, 0, 38, 0, 0, 0, 60, 82, 0, 48, 0, 0, 40, 50, 92, 98, 0, 28, 0, 0, 54, 78]
];


missed_demand_penalty = [
    [0, 0, 0, 0, 0, 0, 0, 0, 0, 0, 0, 0, 0, 0, 0, 0, 0, 0, 0, 0, 0, 0, 0, 0, 0, 0, 0, 0, 0, 0, 0, 0, 0, 0, 0, 0, 1, 0, 1, 0, 1, 0, 0, 0, 1, 1, 0, 1, 0, 0, 1, 1, 1, 1, 0, 1, 0, 0, 1, 1]
];