output_file = "12-1-B-100-2.00-89.csv";

n_days = 100;
n_shelf_types = 2;
n_crops = 1;

num_shelves = [
    8, 4
];


crop_shelf_type_compatible = [
    [1, 1]
];

crop_growth_days = [15];

n_configurations = 2;

crop_growth_day_config = [
    [1, 1, 1, 2, 2, 2, 2, 2, 2, 2, 2, 2, 2, 2, 2]
];

capacity = [
    [12, 12],
[12, 12]
];

demand = [
    [0, 0, 0, 0, 0, 0, 0, 0, 0, 0, 0, 0, 0, 0, 0, 0, 46, 64, 0, 0, 0, 0, 0, 0, 0, 0, 74, 32, 40, 32, 44, 44, 96, 0, 0, 0, 48, 0, 0, 0, 0, 0, 0, 34, 0, 0, 0, 0, 0, 0, 46, 0, 0, 0, 0, 0, 50, 0, 0, 76, 0, 0, 24, 0, 0, 0, 0, 86, 0, 30, 0, 30, 60, 0, 0, 0, 0, 46, 56, 44, 0, 0, 0, 0, 44, 44, 46, 0, 64, 36, 34, 46, 36, 0, 74, 112, 0, 30, 0, 0]
];


missed_demand_penalty = [
    [0, 0, 0, 0, 0, 0, 0, 0, 0, 0, 0, 0, 0, 0, 0, 0, 1, 1, 0, 0, 0, 0, 0, 0, 0, 0, 1, 1, 1, 1, 1, 1, 1, 0, 0, 0, 1, 0, 0, 0, 0, 0, 0, 1, 0, 0, 0, 0, 0, 0, 1, 0, 0, 0, 0, 0, 1, 0, 0, 1, 0, 0, 1, 0, 0, 0, 0, 1, 0, 1, 0, 1, 1, 0, 0, 0, 0, 1, 1, 1, 0, 0, 0, 0, 1, 1, 1, 0, 1, 1, 1, 1, 1, 0, 1, 1, 0, 1, 0, 0]
];