output_file = "12-1-E-100-1.60-249.csv";

n_days = 100;
n_shelf_types = 2;
n_crops = 1;

num_shelves = [
    8, 4
];


crop_shelf_type_compatible = [
    [1, 1]
];

crop_growth_days = [35];

n_configurations = 4;

crop_growth_day_config = [
    [1, 1, 1, 1, 1, 1, 1, 2, 2, 2, 2, 2, 2, 2, 2, 2, 2, 3, 3, 3, 3, 3, 3, 3, 3, 3, 3, 3, 3, 3, 3, 4, 4, 4, 4]
];

capacity = [
    [12, 12, 12, 12],
[12, 12, 12, 12]
];

demand = [
    [0, 0, 0, 0, 0, 0, 0, 0, 0, 0, 0, 0, 0, 0, 0, 0, 0, 0, 0, 0, 0, 0, 0, 0, 0, 0, 0, 0, 0, 0, 0, 0, 0, 0, 0, 0, 0, 0, 0, 32, 0, 0, 0, 12, 0, 14, 0, 24, 0, 0, 0, 0, 0, 11, 0, 0, 0, 0, 17, 0, 28, 20, 0, 0, 14, 16, 0, 0, 16, 6, 11, 14, 0, 0, 12, 22, 0, 0, 12, 0, 14, 0, 0, 0, 0, 6, 0, 19, 0, 0, 0, 9, 0, 0, 0, 32, 0, 6, 0, 0]
];
