output_file = "12-1-C-80-1.60-123.csv";

n_days = 80;
n_shelf_types = 2;
n_crops = 1;

num_shelves = [
    8, 4
];


crop_shelf_type_compatible = [
    [1, 1]
];

crop_growth_days = [15];

n_configurations = 2;

crop_growth_day_config = [
    [1, 1, 1, 2, 2, 2, 2, 2, 2, 2, 2, 2, 2, 2, 2]
];

capacity = [
    [12, 12],
[12, 12]
];

demand = [
    [0, 0, 0, 0, 0, 0, 0, 0, 0, 0, 0, 0, 0, 0, 0, 0, 0, 83, 96, 0, 25, 0, 0, 49, 0, 0, 41, 0, 0, 0, 20, 0, 0, 36, 0, 0, 40, 0, 0, 96, 0, 0, 33, 0, 0, 0, 0, 51, 11, 0, 0, 0, 0, 0, 0, 17, 0, 25, 0, 0, 49, 41, 25, 0, 0, 43, 0, 0, 0, 0, 0, 38, 0, 0, 68, 0, 17, 17, 19, 27]
];


missed_demand_penalty = [
    [0, 0, 0, 0, 0, 0, 0, 0, 0, 0, 0, 0, 0, 0, 0, 0, 0, 1, 1, 0, 1, 0, 0, 1, 0, 0, 1, 0, 0, 0, 1, 0, 0, 1, 0, 0, 1, 0, 0, 1, 0, 0, 1, 0, 0, 0, 0, 1, 1, 0, 0, 0, 0, 0, 0, 1, 0, 1, 0, 0, 1, 1, 1, 0, 0, 1, 0, 0, 0, 0, 0, 1, 0, 0, 1, 0, 1, 1, 1, 1]
];