output_file = "12-1-C-100-1.60-141.csv";

n_days = 100;
n_shelf_types = 2;
n_crops = 1;

num_shelves = [
    8, 4
];


crop_shelf_type_compatible = [
    [1, 1]
];

crop_growth_days = [15];

n_configurations = 2;

crop_growth_day_config = [
    [1, 1, 1, 2, 2, 2, 2, 2, 2, 2, 2, 2, 2, 2, 2]
];

capacity = [
    [12, 12],
[12, 12]
];

demand = [
    [0, 0, 0, 0, 0, 0, 0, 0, 0, 0, 0, 0, 0, 0, 0, 27, 28, 0, 0, 0, 19, 0, 0, 25, 52, 65, 43, 0, 0, 0, 41, 0, 41, 0, 25, 0, 33, 27, 0, 0, 0, 0, 20, 0, 0, 0, 60, 30, 0, 28, 44, 20, 41, 83, 0, 16, 0, 0, 27, 0, 0, 64, 19, 0, 43, 36, 65, 0, 0, 12, 20, 0, 43, 49, 76, 0, 0, 0, 36, 24, 40, 0, 64, 25, 28, 41, 38, 0, 0, 0, 24, 0, 27, 0, 60, 56, 0, 0, 0, 0]
];


missed_demand_penalty = [
    [0, 0, 0, 0, 0, 0, 0, 0, 0, 0, 0, 0, 0, 0, 0, 1, 1, 0, 0, 0, 1, 0, 0, 1, 1, 1, 1, 0, 0, 0, 1, 0, 1, 0, 1, 0, 1, 1, 0, 0, 0, 0, 1, 0, 0, 0, 1, 1, 0, 1, 1, 1, 1, 1, 0, 1, 0, 0, 1, 0, 0, 1, 1, 0, 1, 1, 1, 0, 0, 1, 1, 0, 1, 1, 1, 0, 0, 0, 1, 1, 1, 0, 1, 1, 1, 1, 1, 0, 0, 0, 1, 0, 1, 0, 1, 1, 0, 0, 0, 0]
];