output_file = "12-1-B-100-1.00-84.csv";

n_days = 100;
n_shelf_types = 2;
n_crops = 1;

num_shelves = [
    8, 4
];


crop_shelf_type_compatible = [
    [1, 1]
];

crop_growth_days = [15];

n_configurations = 2;

crop_growth_day_config = [
    [1, 1, 1, 2, 2, 2, 2, 2, 2, 2, 2, 2, 2, 2, 2]
];

capacity = [
    [12, 12],
[12, 12]
];

demand = [
    [0, 0, 0, 0, 0, 0, 0, 0, 0, 0, 0, 0, 0, 0, 0, 3, 4, 0, 12, 0, 0, 0, 8, 0, 0, 12, 0, 4, 0, 0, 8, 0, 0, 5, 3, 0, 0, 0, 14, 20, 0, 2, 4, 0, 0, 7, 0, 0, 0, 6, 0, 0, 0, 0, 0, 5, 0, 0, 9, 10, 0, 14, 4, 0, 8, 0, 0, 0, 0, 0, 0, 0, 0, 18, 12, 13, 0, 3, 0, 5, 6, 16, 7, 0, 0, 0, 7, 0, 8, 0, 0, 0, 9, 5, 7, 18, 7, 3, 0, 0]
];
