output_file = "12-1-E-100-1.40-248.csv";

n_days = 100;
n_shelf_types = 2;
n_crops = 1;

num_shelves = [
    8, 4
];


crop_shelf_type_compatible = [
    [1, 1]
];

crop_growth_days = [35];

n_configurations = 4;

crop_growth_day_config = [
    [1, 1, 1, 1, 1, 1, 1, 2, 2, 2, 2, 2, 2, 2, 2, 2, 2, 3, 3, 3, 3, 3, 3, 3, 3, 3, 3, 3, 3, 3, 3, 4, 4, 4, 4]
];

capacity = [
    [12, 12, 12, 12],
[12, 12, 12, 12]
];

demand = [
    [0, 0, 0, 0, 0, 0, 0, 0, 0, 0, 0, 0, 0, 0, 0, 0, 0, 0, 0, 0, 0, 0, 0, 0, 0, 0, 0, 0, 0, 0, 0, 0, 0, 0, 0, 33, 32, 19, 35, 67, 0, 12, 0, 0, 19, 33, 0, 0, 22, 18, 0, 0, 0, 0, 0, 0, 0, 0, 21, 35, 36, 0, 0, 0, 33, 25, 53, 42, 0, 0, 0, 0, 39, 58, 0, 44, 0, 14, 0, 0, 47, 0, 0, 12, 0, 39, 26, 0, 85, 0, 0, 0, 0, 0, 56, 0, 0, 0, 0, 0]
];


missed_demand_penalty = [
    [0, 0, 0, 0, 0, 0, 0, 0, 0, 0, 0, 0, 0, 0, 0, 0, 0, 0, 0, 0, 0, 0, 0, 0, 0, 0, 0, 0, 0, 0, 0, 0, 0, 0, 0, 1, 1, 1, 1, 1, 0, 1, 0, 0, 1, 1, 0, 0, 1, 1, 0, 0, 0, 0, 0, 0, 0, 0, 1, 1, 1, 0, 0, 0, 1, 1, 1, 1, 0, 0, 0, 0, 1, 1, 0, 1, 0, 1, 0, 0, 1, 0, 0, 1, 0, 1, 1, 0, 1, 0, 0, 0, 0, 0, 1, 0, 0, 0, 0, 0]
];