output_file = "12-1-D-100-1.20-193.csv";

n_days = 100;
n_shelf_types = 2;
n_crops = 1;

num_shelves = [
    8, 4
];


crop_shelf_type_compatible = [
    [1, 1]
];

crop_growth_days = [44];

n_configurations = 5;

crop_growth_day_config = [
    [1, 1, 2, 2, 2, 2, 2, 2, 2, 2, 2, 2, 2, 2, 2, 2, 3, 3, 3, 3, 3, 3, 3, 3, 3, 3, 4, 4, 4, 4, 4, 4, 4, 4, 4, 5, 5, 5, 5, 5, 5, 5, 5, 5]
];

capacity = [
    [10, 10, 10, 10, 10],
[10, 10, 10, 10, 10]
];

demand = [
    [0, 0, 0, 0, 0, 0, 0, 0, 0, 0, 0, 0, 0, 0, 0, 0, 0, 0, 0, 0, 0, 0, 0, 0, 0, 0, 0, 0, 0, 0, 0, 0, 0, 0, 0, 0, 0, 0, 0, 0, 0, 0, 0, 0, 0, 0, 0, 27, 0, 0, 21, 22, 34, 0, 0, 0, 24, 15, 25, 0, 52, 40, 9, 25, 0, 24, 38, 0, 0, 0, 0, 0, 28, 25, 0, 0, 15, 13, 0, 22, 0, 0, 0, 0, 0, 0, 37, 0, 0, 0, 0, 0, 0, 0, 40, 0, 0, 0, 0, 24]
];


missed_demand_penalty = [
    [0, 0, 0, 0, 0, 0, 0, 0, 0, 0, 0, 0, 0, 0, 0, 0, 0, 0, 0, 0, 0, 0, 0, 0, 0, 0, 0, 0, 0, 0, 0, 0, 0, 0, 0, 0, 0, 0, 0, 0, 0, 0, 0, 0, 0, 0, 0, 1, 0, 0, 1, 1, 1, 0, 0, 0, 1, 1, 1, 0, 1, 1, 1, 1, 0, 1, 1, 0, 0, 0, 0, 0, 1, 1, 0, 0, 1, 1, 0, 1, 0, 0, 0, 0, 0, 0, 1, 0, 0, 0, 0, 0, 0, 0, 1, 0, 0, 0, 0, 1]
];