output_file = "12-1-B-100-1.60-87.csv";

n_days = 100;
n_shelf_types = 2;
n_crops = 1;

num_shelves = [
    8, 4
];


crop_shelf_type_compatible = [
    [1, 1]
];

crop_growth_days = [15];

n_configurations = 2;

crop_growth_day_config = [
    [1, 1, 1, 2, 2, 2, 2, 2, 2, 2, 2, 2, 2, 2, 2]
];

capacity = [
    [12, 12],
[12, 12]
];

demand = [
    [0, 0, 0, 0, 0, 0, 0, 0, 0, 0, 0, 0, 0, 0, 0, 0, 0, 25, 22, 0, 0, 0, 0, 0, 0, 0, 0, 0, 0, 0, 0, 0, 0, 0, 0, 14, 0, 0, 0, 0, 0, 0, 0, 0, 8, 0, 0, 0, 4, 0, 0, 8, 0, 0, 0, 0, 0, 14, 17, 0, 0, 0, 4, 0, 0, 0, 0, 30, 9, 0, 0, 0, 0, 16, 0, 0, 8, 0, 0, 12, 0, 0, 0, 0, 0, 0, 0, 19, 0, 22, 0, 11, 0, 0, 28, 32, 0, 3, 0, 0]
];
