output_file = "12-1-C-100-1.20-139.csv";

n_days = 100;
n_shelf_types = 2;
n_crops = 1;

num_shelves = [
    8, 4
];


crop_shelf_type_compatible = [
    [1, 1]
];

crop_growth_days = [15];

n_configurations = 2;

crop_growth_day_config = [
    [1, 1, 1, 2, 2, 2, 2, 2, 2, 2, 2, 2, 2, 2, 2]
];

capacity = [
    [12, 12],
[12, 12]
];

demand = [
    [0, 0, 0, 0, 0, 0, 0, 0, 0, 0, 0, 0, 0, 0, 0, 0, 0, 7, 20, 0, 0, 0, 0, 6, 0, 0, 12, 0, 0, 0, 0, 19, 0, 0, 0, 0, 3, 0, 0, 0, 0, 6, 0, 0, 0, 14, 0, 0, 0, 6, 0, 0, 10, 0, 7, 7, 0, 9, 0, 0, 13, 0, 0, 0, 0, 0, 0, 0, 0, 0, 0, 9, 10, 20, 0, 0, 0, 0, 10, 0, 0, 0, 0, 0, 0, 0, 0, 10, 0, 0, 2, 4, 0, 0, 21, 13, 0, 4, 0, 0]
];
