output_file = "12-1-B-100-1.40-86.csv";

n_days = 100;
n_shelf_types = 2;
n_crops = 1;

num_shelves = [
    8, 4
];


crop_shelf_type_compatible = [
    [1, 1]
];

crop_growth_days = [15];

n_configurations = 2;

crop_growth_day_config = [
    [1, 1, 1, 2, 2, 2, 2, 2, 2, 2, 2, 2, 2, 2, 2]
];

capacity = [
    [12, 12],
[12, 12]
];

demand = [
    [0, 0, 0, 0, 0, 0, 0, 0, 0, 0, 0, 0, 0, 0, 0, 0, 37, 0, 0, 36, 0, 32, 0, 0, 0, 58, 0, 0, 26, 0, 0, 0, 0, 0, 12, 0, 0, 40, 29, 75, 0, 0, 0, 0, 0, 53, 0, 43, 0, 0, 0, 22, 0, 0, 46, 0, 23, 0, 0, 56, 0, 57, 11, 0, 25, 40, 0, 0, 0, 21, 0, 0, 0, 0, 0, 0, 0, 0, 0, 43, 0, 50, 0, 0, 23, 0, 0, 0, 0, 40, 0, 0, 19, 0, 0, 0, 0, 0, 28, 37]
];


missed_demand_penalty = [
    [0, 0, 0, 0, 0, 0, 0, 0, 0, 0, 0, 0, 0, 0, 0, 0, 1, 0, 0, 1, 0, 1, 0, 0, 0, 1, 0, 0, 1, 0, 0, 0, 0, 0, 1, 0, 0, 1, 1, 1, 0, 0, 0, 0, 0, 1, 0, 1, 0, 0, 0, 1, 0, 0, 1, 0, 1, 0, 0, 1, 0, 1, 1, 0, 1, 1, 0, 0, 0, 1, 0, 0, 0, 0, 0, 0, 0, 0, 0, 1, 0, 1, 0, 0, 1, 0, 0, 0, 0, 1, 0, 0, 1, 0, 0, 0, 0, 0, 1, 1]
];