output_file = "12-1-D-100-1.00-192.csv";

n_days = 100;
n_shelf_types = 2;
n_crops = 1;

num_shelves = [
    8, 4
];


crop_shelf_type_compatible = [
    [1, 1]
];

crop_growth_days = [44];

n_configurations = 5;

crop_growth_day_config = [
    [1, 1, 2, 2, 2, 2, 2, 2, 2, 2, 2, 2, 2, 2, 2, 2, 3, 3, 3, 3, 3, 3, 3, 3, 3, 3, 4, 4, 4, 4, 4, 4, 4, 4, 4, 5, 5, 5, 5, 5, 5, 5, 5, 5]
];

capacity = [
    [10, 10, 10, 10, 10],
[10, 10, 10, 10, 10]
];

demand = [
    [0, 0, 0, 0, 0, 0, 0, 0, 0, 0, 0, 0, 0, 0, 0, 0, 0, 0, 0, 0, 0, 0, 0, 0, 0, 0, 0, 0, 0, 0, 0, 0, 0, 0, 0, 0, 0, 0, 0, 0, 0, 0, 0, 0, 11, 17, 0, 0, 0, 0, 0, 0, 0, 16, 15, 0, 8, 0, 0, 0, 0, 12, 0, 5, 0, 0, 0, 10, 0, 6, 7, 9, 11, 0, 0, 0, 0, 0, 3, 0, 15, 0, 14, 0, 0, 0, 6, 0, 0, 0, 0, 0, 0, 4, 0, 0, 0, 0, 8, 0]
];
