output_file = "12-1-C-100-1.80-142.csv";

n_days = 100;
n_shelf_types = 2;
n_crops = 1;

num_shelves = [
    8, 4
];


crop_shelf_type_compatible = [
    [1, 1]
];

crop_growth_days = [15];

n_configurations = 2;

crop_growth_day_config = [
    [1, 1, 1, 2, 2, 2, 2, 2, 2, 2, 2, 2, 2, 2, 2]
];

capacity = [
    [12, 12],
[12, 12]
];

demand = [
    [0, 0, 0, 0, 0, 0, 0, 0, 0, 0, 0, 0, 0, 0, 0, 45, 0, 57, 0, 0, 0, 39, 0, 46, 0, 64, 0, 14, 0, 0, 0, 0, 0, 0, 0, 0, 21, 43, 91, 0, 57, 0, 34, 0, 0, 0, 81, 0, 0, 21, 0, 23, 0, 0, 0, 0, 0, 25, 0, 45, 91, 0, 0, 32, 0, 36, 0, 75, 0, 0, 46, 19, 0, 0, 0, 0, 0, 43, 39, 0, 59, 55, 0, 0, 0, 0, 0, 48, 0, 0, 21, 0, 43, 0, 0, 0, 0, 23, 0, 0]
];


missed_demand_penalty = [
    [0, 0, 0, 0, 0, 0, 0, 0, 0, 0, 0, 0, 0, 0, 0, 1, 0, 1, 0, 0, 0, 1, 0, 1, 0, 1, 0, 1, 0, 0, 0, 0, 0, 0, 0, 0, 1, 1, 1, 0, 1, 0, 1, 0, 0, 0, 1, 0, 0, 1, 0, 1, 0, 0, 0, 0, 0, 1, 0, 1, 1, 0, 0, 1, 0, 1, 0, 1, 0, 0, 1, 1, 0, 0, 0, 0, 0, 1, 1, 0, 1, 1, 0, 0, 0, 0, 0, 1, 0, 0, 1, 0, 1, 0, 0, 0, 0, 1, 0, 0]
];