output_file = "12-1-C-100-1.00-138.csv";

n_days = 100;
n_shelf_types = 2;
n_crops = 1;

num_shelves = [
    8, 4
];


crop_shelf_type_compatible = [
    [1, 1]
];

crop_growth_days = [15];

n_configurations = 2;

crop_growth_day_config = [
    [1, 1, 1, 2, 2, 2, 2, 2, 2, 2, 2, 2, 2, 2, 2]
];

capacity = [
    [12, 12],
[12, 12]
];

demand = [
    [0, 0, 0, 0, 0, 0, 0, 0, 0, 0, 0, 0, 0, 0, 0, 0, 7, 0, 14, 0, 0, 0, 0, 0, 14, 0, 11, 0, 0, 0, 0, 14, 0, 15, 0, 0, 0, 0, 0, 0, 0, 0, 3, 6, 0, 0, 0, 9, 2, 0, 0, 11, 17, 0, 0, 0, 0, 0, 0, 0, 20, 0, 0, 0, 0, 0, 0, 0, 0, 0, 0, 4, 0, 0, 0, 0, 3, 0, 0, 0, 14, 0, 16, 0, 0, 0, 0, 14, 0, 0, 0, 0, 0, 0, 0, 0, 5, 0, 0, 0]
];
