output_file = "12-1-C-80-1.80-124.csv";

n_days = 80;
n_shelf_types = 2;
n_crops = 1;

num_shelves = [
    8, 4
];


crop_shelf_type_compatible = [
    [1, 1]
];

crop_growth_days = [15];

n_configurations = 2;

crop_growth_day_config = [
    [1, 1, 1, 2, 2, 2, 2, 2, 2, 2, 2, 2, 2, 2, 2]
];

capacity = [
    [12, 12],
[12, 12]
];

demand = [
    [0, 0, 0, 0, 0, 0, 0, 0, 0, 0, 0, 0, 0, 0, 0, 0, 0, 0, 0, 0, 0, 14, 0, 0, 0, 34, 0, 0, 0, 12, 9, 0, 0, 0, 0, 0, 0, 0, 0, 0, 0, 0, 5, 0, 14, 21, 0, 28, 0, 0, 0, 0, 0, 19, 0, 0, 0, 0, 14, 0, 0, 16, 0, 12, 12, 0, 0, 0, 0, 0, 12, 0, 7, 0, 39, 23, 0, 0, 0, 0]
];
