output_file = "12-1-E-100-1.00-246.csv";

n_days = 100;
n_shelf_types = 2;
n_crops = 1;

num_shelves = [
    8, 4
];


crop_shelf_type_compatible = [
    [1, 1]
];

crop_growth_days = [35];

n_configurations = 4;

crop_growth_day_config = [
    [1, 1, 1, 1, 1, 1, 1, 2, 2, 2, 2, 2, 2, 2, 2, 2, 2, 3, 3, 3, 3, 3, 3, 3, 3, 3, 3, 3, 3, 3, 3, 4, 4, 4, 4]
];

capacity = [
    [12, 12, 12, 12],
[12, 12, 12, 12]
];

demand = [
    [0, 0, 0, 0, 0, 0, 0, 0, 0, 0, 0, 0, 0, 0, 0, 0, 0, 0, 0, 0, 0, 0, 0, 0, 0, 0, 0, 0, 0, 0, 0, 0, 0, 0, 0, 5, 0, 0, 0, 0, 12, 0, 4, 0, 6, 16, 0, 10, 5, 0, 0, 0, 0, 0, 0, 2, 0, 9, 7, 18, 17, 12, 0, 6, 0, 0, 0, 17, 0, 0, 7, 4, 0, 15, 0, 0, 0, 0, 0, 5, 13, 0, 0, 2, 0, 8, 0, 0, 0, 0, 3, 9, 0, 0, 0, 0, 0, 0, 6, 0]
];
