output_file = "12-1-B-100-1.40-86.csv";

n_days = 100;
n_shelf_types = 2;
n_crops = 1;

num_shelves = [
    8, 4
];


crop_shelf_type_compatible = [
    [1, 1]
];

crop_growth_days = [15];

n_configurations = 2;

crop_growth_day_config = [
    [1, 1, 1, 2, 2, 2, 2, 2, 2, 2, 2, 2, 2, 2, 2]
];

capacity = [
    [12, 12],
[12, 12]
];

demand = [
    [0, 0, 0, 0, 0, 0, 0, 0, 0, 0, 0, 0, 0, 0, 0, 0, 14, 0, 0, 0, 7, 0, 0, 0, 14, 0, 11, 0, 0, 0, 12, 25, 19, 16, 0, 11, 9, 0, 25, 29, 8, 0, 0, 0, 0, 0, 0, 0, 0, 0, 0, 0, 23, 22, 7, 0, 0, 9, 0, 0, 0, 0, 0, 0, 0, 0, 19, 0, 8, 0, 4, 0, 0, 0, 19, 0, 0, 0, 0, 0, 0, 18, 21, 0, 12, 9, 0, 21, 0, 0, 0, 5, 0, 0, 0, 26, 0, 0, 0, 4]
];
