output_file = "12-2-BC-100-1.80-538.csv";

n_days = 100;
n_shelf_types = 2;
n_crops = 2;

num_shelves = [
    8, 4
];


crop_shelf_type_compatible = [
    [1, 1],
[1, 1]
];

crop_growth_days = [15, 15];

n_configurations = 3;

crop_growth_day_config = [
    [1, 1, 1, 2, 2, 2, 2, 2, 2, 2, 2, 2, 2, 2, 2],
[1, 1, 1, 3, 3, 3, 3, 3, 3, 3, 3, 3, 3, 3, 3]
];

capacity = [
    [12, 12, 12],
[12, 12, 12]
];

demand = [
    [0, 0, 0, 0, 0, 0, 0, 0, 0, 0, 0, 0, 0, 0, 0, 19, 0, 0, 0, 0, 12, 12, 0, 23, 34, 0, 0, 0, 0, 18, 0, 28, 46, 0, 0, 0, 21, 25, 0, 54, 30, 0, 0, 21, 0, 0, 0, 0, 0, 19, 0, 0, 0, 30, 0, 0, 0, 23, 0, 46, 0, 18, 0, 23, 0, 18, 30, 0, 0, 0, 0, 12, 0, 30, 27, 0, 7, 12, 0, 25, 0, 0, 32, 0, 10, 0, 0, 45, 0, 27, 0, 0, 19, 0, 41, 0, 0, 9, 21, 0],
[0, 0, 0, 0, 0, 0, 0, 0, 0, 0, 0, 0, 0, 0, 0, 0, 0, 30, 0, 18, 10, 18, 0, 18, 41, 0, 27, 0, 16, 0, 0, 0, 0, 37, 12, 0, 0, 19, 41, 36, 0, 12, 0, 14, 23, 0, 43, 0, 0, 0, 0, 23, 30, 27, 0, 9, 18, 0, 0, 21, 0, 32, 0, 0, 0, 0, 0, 41, 23, 12, 9, 0, 19, 46, 0, 0, 0, 0, 0, 0, 0, 0, 16, 14, 21, 0, 0, 0, 39, 0, 0, 0, 0, 0, 0, 0, 0, 0, 0, 0]
];


missed_demand_penalty = [
    [0, 0, 0, 0, 0, 0, 0, 0, 0, 0, 0, 0, 0, 0, 0, 1, 0, 0, 0, 0, 1, 1, 0, 1, 1, 0, 0, 0, 0, 1, 0, 1, 1, 0, 0, 0, 1, 1, 0, 1, 1, 0, 0, 1, 0, 0, 0, 0, 0, 1, 0, 0, 0, 1, 0, 0, 0, 1, 0, 1, 0, 1, 0, 1, 0, 1, 1, 0, 0, 0, 0, 1, 0, 1, 1, 0, 1, 1, 0, 1, 0, 0, 1, 0, 1, 0, 0, 1, 0, 1, 0, 0, 1, 0, 1, 0, 0, 1, 1, 0],
[0, 0, 0, 0, 0, 0, 0, 0, 0, 0, 0, 0, 0, 0, 0, 0, 0, 1, 0, 1, 1, 1, 0, 1, 1, 0, 1, 0, 1, 0, 0, 0, 0, 1, 1, 0, 0, 1, 1, 1, 0, 1, 0, 1, 1, 0, 1, 0, 0, 0, 0, 1, 1, 1, 0, 1, 1, 0, 0, 1, 0, 1, 0, 0, 0, 0, 0, 1, 1, 1, 1, 0, 1, 1, 0, 0, 0, 0, 0, 0, 0, 0, 1, 1, 1, 0, 0, 0, 1, 0, 0, 0, 0, 0, 0, 0, 0, 0, 0, 0]
];