output_file = "12-2-BC-60-1.60-501.csv";

n_days = 60;
n_shelf_types = 2;
n_crops = 2;

num_shelves = [
    8, 4
];


crop_shelf_type_compatible = [
    [1, 1],
[1, 1]
];

crop_growth_days = [15, 15];

n_configurations = 3;

crop_growth_day_config = [
    [1, 1, 1, 2, 2, 2, 2, 2, 2, 2, 2, 2, 2, 2, 2],
[1, 1, 1, 3, 3, 3, 3, 3, 3, 3, 3, 3, 3, 3, 3]
];

capacity = [
    [12, 12, 12],
[12, 12, 12]
];

demand = [
    [0, 0, 0, 0, 0, 0, 0, 0, 0, 0, 0, 0, 0, 0, 0, 12, 14, 40, 0, 17, 0, 0, 19, 24, 0, 20, 22, 0, 16, 17, 11, 0, 22, 30, 0, 0, 0, 20, 0, 0, 0, 0, 0, 12, 0, 0, 0, 14, 0, 0, 11, 0, 30, 43, 16, 0, 0, 12, 14, 0],
[0, 0, 0, 0, 0, 0, 0, 0, 0, 0, 0, 0, 0, 0, 0, 0, 17, 0, 0, 32, 0, 12, 0, 9, 0, 0, 0, 6, 0, 0, 0, 0, 0, 24, 0, 11, 0, 0, 0, 0, 33, 4, 0, 0, 0, 0, 20, 0, 0, 8, 17, 16, 35, 36, 22, 8, 0, 0, 20, 0]
];


missed_demand_penalty = [
    [0, 0, 0, 0, 0, 0, 0, 0, 0, 0, 0, 0, 0, 0, 0, 1, 1, 1, 0, 1, 0, 0, 1, 1, 0, 1, 1, 0, 1, 1, 1, 0, 1, 1, 0, 0, 0, 1, 0, 0, 0, 0, 0, 1, 0, 0, 0, 1, 0, 0, 1, 0, 1, 1, 1, 0, 0, 1, 1, 0],
[0, 0, 0, 0, 0, 0, 0, 0, 0, 0, 0, 0, 0, 0, 0, 0, 1, 0, 0, 1, 0, 1, 0, 1, 0, 0, 0, 1, 0, 0, 0, 0, 0, 1, 0, 1, 0, 0, 0, 0, 1, 1, 0, 0, 0, 0, 1, 0, 0, 1, 1, 1, 1, 1, 1, 1, 0, 0, 1, 0]
];