output_file = "12-2-BC-60-1.80-502.csv";

n_days = 60;
n_shelf_types = 2;
n_crops = 2;

num_shelves = [
    8, 4
];


crop_shelf_type_compatible = [
    [1, 1],
[1, 1]
];

crop_growth_days = [15, 15];

n_configurations = 3;

crop_growth_day_config = [
    [1, 1, 1, 2, 2, 2, 2, 2, 2, 2, 2, 2, 2, 2, 2],
[1, 1, 1, 3, 3, 3, 3, 3, 3, 3, 3, 3, 3, 3, 3]
];

capacity = [
    [12, 12, 12],
[12, 12, 12]
];

demand = [
    [0, 0, 0, 0, 0, 0, 0, 0, 0, 0, 0, 0, 0, 0, 0, 7, 5, 0, 0, 10, 0, 5, 0, 0, 9, 0, 0, 5, 0, 0, 9, 7, 0, 7, 0, 0, 0, 0, 7, 0, 0, 1, 0, 0, 0, 0, 19, 0, 0, 0, 0, 0, 16, 0, 12, 1, 3, 7, 0, 0],
[0, 0, 0, 0, 0, 0, 0, 0, 0, 0, 0, 0, 0, 0, 0, 0, 3, 0, 19, 0, 0, 0, 0, 0, 0, 0, 0, 1, 0, 7, 5, 0, 12, 10, 1, 5, 0, 0, 0, 0, 0, 0, 0, 5, 0, 0, 0, 0, 1, 0, 0, 0, 7, 0, 0, 0, 0, 0, 0, 0]
];
