output_file = "12-2-BC-100-1.00-534.csv";

n_days = 100;
n_shelf_types = 2;
n_crops = 2;

num_shelves = [
    8, 4
];


crop_shelf_type_compatible = [
    [1, 1],
[1, 1]
];

crop_growth_days = [15, 15];

n_configurations = 3;

crop_growth_day_config = [
    [1, 1, 1, 2, 2, 2, 2, 2, 2, 2, 2, 2, 2, 2, 2],
[1, 1, 1, 3, 3, 3, 3, 3, 3, 3, 3, 3, 3, 3, 3]
];

capacity = [
    [12, 12, 12],
[12, 12, 12]
];

demand = [
    [0, 0, 0, 0, 0, 0, 0, 0, 0, 0, 0, 0, 0, 0, 0, 0, 14, 11, 0, 14, 0, 0, 0, 0, 15, 0, 0, 4, 0, 0, 0, 0, 16, 0, 4, 0, 0, 0, 0, 0, 22, 0, 0, 0, 8, 0, 28, 20, 5, 0, 0, 6, 19, 0, 13, 8, 10, 14, 0, 0, 0, 0, 0, 0, 6, 0, 0, 0, 21, 4, 0, 12, 14, 0, 0, 0, 4, 0, 14, 12, 26, 14, 0, 0, 0, 12, 0, 0, 19, 0, 8, 0, 5, 12, 0, 0, 21, 0, 10, 11],
[0, 0, 0, 0, 0, 0, 0, 0, 0, 0, 0, 0, 0, 0, 0, 7, 11, 0, 13, 11, 0, 10, 10, 0, 11, 19, 0, 3, 12, 0, 0, 0, 0, 15, 4, 7, 0, 0, 17, 0, 20, 0, 9, 0, 0, 0, 24, 0, 0, 7, 0, 0, 26, 0, 0, 5, 0, 0, 0, 13, 22, 0, 7, 0, 7, 0, 19, 0, 0, 0, 0, 0, 0, 22, 16, 0, 8, 0, 0, 0, 0, 17, 21, 4, 0, 0, 8, 0, 14, 0, 0, 0, 0, 0, 17, 18, 16, 7, 0, 8]
];


missed_demand_penalty = [
    [0, 0, 0, 0, 0, 0, 0, 0, 0, 0, 0, 0, 0, 0, 0, 0, 1, 1, 0, 1, 0, 0, 0, 0, 1, 0, 0, 1, 0, 0, 0, 0, 1, 0, 1, 0, 0, 0, 0, 0, 1, 0, 0, 0, 1, 0, 1, 1, 1, 0, 0, 1, 1, 0, 1, 1, 1, 1, 0, 0, 0, 0, 0, 0, 1, 0, 0, 0, 1, 1, 0, 1, 1, 0, 0, 0, 1, 0, 1, 1, 1, 1, 0, 0, 0, 1, 0, 0, 1, 0, 1, 0, 1, 1, 0, 0, 1, 0, 1, 1],
[0, 0, 0, 0, 0, 0, 0, 0, 0, 0, 0, 0, 0, 0, 0, 1, 1, 0, 1, 1, 0, 1, 1, 0, 1, 1, 0, 1, 1, 0, 0, 0, 0, 1, 1, 1, 0, 0, 1, 0, 1, 0, 1, 0, 0, 0, 1, 0, 0, 1, 0, 0, 1, 0, 0, 1, 0, 0, 0, 1, 1, 0, 1, 0, 1, 0, 1, 0, 0, 0, 0, 0, 0, 1, 1, 0, 1, 0, 0, 0, 0, 1, 1, 1, 0, 0, 1, 0, 1, 0, 0, 0, 0, 0, 1, 1, 1, 1, 0, 1]
];