output_file = "12-2-BC-80-1.20-517.csv";

n_days = 80;
n_shelf_types = 2;
n_crops = 2;

num_shelves = [
    8, 4
];


crop_shelf_type_compatible = [
    [1, 1],
[1, 1]
];

crop_growth_days = [15, 15];

n_configurations = 3;

crop_growth_day_config = [
    [1, 1, 1, 2, 2, 2, 2, 2, 2, 2, 2, 2, 2, 2, 2],
[1, 1, 1, 3, 3, 3, 3, 3, 3, 3, 3, 3, 3, 3, 3]
];

capacity = [
    [12, 12, 12],
[12, 12, 12]
];

demand = [
    [0, 0, 0, 0, 0, 0, 0, 0, 0, 0, 0, 0, 0, 0, 0, 3, 0, 3, 12, 3, 0, 0, 0, 0, 8, 0, 4, 0, 0, 0, 0, 9, 0, 0, 3, 0, 0, 3, 0, 12, 3, 1, 3, 0, 0, 0, 3, 0, 0, 1, 0, 2, 0, 0, 4, 0, 0, 0, 0, 0, 8, 8, 0, 0, 0, 0, 0, 12, 7, 2, 0, 3, 3, 0, 0, 7, 0, 0, 2, 4],
[0, 0, 0, 0, 0, 0, 0, 0, 0, 0, 0, 0, 0, 0, 0, 0, 3, 9, 0, 0, 0, 0, 4, 4, 3, 0, 0, 0, 0, 4, 6, 0, 0, 0, 2, 0, 0, 0, 0, 0, 0, 0, 0, 0, 4, 9, 0, 4, 0, 4, 0, 2, 7, 0, 2, 0, 3, 0, 0, 0, 8, 0, 0, 4, 2, 6, 0, 0, 0, 0, 0, 0, 6, 0, 0, 0, 0, 0, 0, 0]
];
