output_file = "12-2-BE-80-1.80-628.csv";

n_days = 80;
n_shelf_types = 2;
n_crops = 2;

num_shelves = [
    8, 4
];


crop_shelf_type_compatible = [
    [1, 1],
[1, 1]
];

crop_growth_days = [15, 35];

n_configurations = 6;

crop_growth_day_config = [
    [1, 1, 1, 2, 2, 2, 2, 2, 2, 2, 2, 2, 2, 2, 2, -1, -1, -1, -1, -1, -1, -1, -1, -1, -1, -1, -1, -1, -1, -1, -1, -1, -1, -1, -1],
[3, 3, 3, 3, 3, 3, 3, 4, 4, 4, 4, 4, 4, 4, 4, 4, 4, 5, 5, 5, 5, 5, 5, 5, 5, 5, 5, 5, 5, 5, 5, 6, 6, 6, 6]
];

capacity = [
    [12, 12, 12, 12, 12, 12],
[12, 12, 12, 12, 12, 12]
];

demand = [
    [0, 0, 0, 0, 0, 0, 0, 0, 0, 0, 0, 0, 0, 0, 0, 0, 12, 43, 0, 23, 0, 0, 0, 27, 32, 0, 0, 10, 9, 10, 0, 46, 0, 0, 0, 0, 0, 28, 37, 37, 0, 0, 16, 0, 12, 0, 0, 0, 0, 0, 21, 21, 0, 28, 0, 0, 0, 0, 0, 0, 0, 18, 0, 21, 0, 14, 0, 23, 28, 9, 19, 0, 28, 0, 28, 0, 0, 12, 9, 0],
[0, 0, 0, 0, 0, 0, 0, 0, 0, 0, 0, 0, 0, 0, 0, 0, 0, 0, 0, 0, 0, 0, 0, 0, 0, 0, 0, 0, 0, 0, 0, 0, 0, 0, 0, 0, 0, 0, 0, 55, 32, 7, 0, 0, 0, 23, 48, 0, 10, 0, 16, 19, 37, 48, 16, 0, 18, 23, 0, 32, 52, 0, 10, 0, 21, 25, 43, 0, 19, 0, 0, 0, 0, 21, 48, 0, 0, 12, 25, 0]
];


missed_demand_penalty = [
    [0, 0, 0, 0, 0, 0, 0, 0, 0, 0, 0, 0, 0, 0, 0, 0, 1, 1, 0, 1, 0, 0, 0, 1, 1, 0, 0, 1, 1, 1, 0, 1, 0, 0, 0, 0, 0, 1, 1, 1, 0, 0, 1, 0, 1, 0, 0, 0, 0, 0, 1, 1, 0, 1, 0, 0, 0, 0, 0, 0, 0, 1, 0, 1, 0, 1, 0, 1, 1, 1, 1, 0, 1, 0, 1, 0, 0, 1, 1, 0],
[0, 0, 0, 0, 0, 0, 0, 0, 0, 0, 0, 0, 0, 0, 0, 0, 0, 0, 0, 0, 0, 0, 0, 0, 0, 0, 0, 0, 0, 0, 0, 0, 0, 0, 0, 0, 0, 0, 0, 1, 1, 1, 0, 0, 0, 1, 1, 0, 1, 0, 1, 1, 1, 1, 1, 0, 1, 1, 0, 1, 1, 0, 1, 0, 1, 1, 1, 0, 1, 0, 0, 0, 0, 1, 1, 0, 0, 1, 1, 0]
];