output_file = "12-2-EF-100-1.60-1023.csv";

n_days = 100;
n_shelf_types = 2;
n_crops = 2;

num_shelves = [
    8, 4
];


crop_shelf_type_compatible = [
    [1, 1],
[1, 1]
];

crop_growth_days = [35, 35];

n_configurations = 8;

crop_growth_day_config = [
    [1, 1, 1, 1, 1, 1, 1, 2, 2, 2, 2, 2, 2, 2, 2, 2, 2, 3, 3, 3, 3, 3, 3, 3, 3, 3, 3, 3, 3, 3, 3, 4, 4, 4, 4],
[5, 5, 5, 5, 5, 5, 5, 6, 6, 6, 6, 6, 6, 6, 6, 6, 6, 7, 7, 7, 7, 7, 7, 7, 7, 7, 7, 7, 7, 7, 7, 8, 8, 8, 8]
];

capacity = [
    [12, 12, 12, 12, 12, 12, 10, 10],
[12, 12, 12, 12, 12, 12, 10, 10]
];

demand = [
    [0, 0, 0, 0, 0, 0, 0, 0, 0, 0, 0, 0, 0, 0, 0, 0, 0, 0, 0, 0, 0, 0, 0, 0, 0, 0, 0, 0, 0, 0, 0, 0, 0, 0, 0, 0, 20, 11, 0, 0, 32, 0, 0, 0, 11, 0, 0, 25, 6, 8, 19, 0, 0, 0, 0, 0, 14, 0, 0, 38, 43, 27, 0, 0, 0, 0, 0, 22, 20, 11, 16, 9, 0, 0, 0, 0, 0, 0, 0, 17, 0, 0, 17, 9, 0, 0, 25, 0, 0, 24, 11, 0, 9, 0, 0, 0, 0, 6, 0, 0],
[0, 0, 0, 0, 0, 0, 0, 0, 0, 0, 0, 0, 0, 0, 0, 0, 0, 0, 0, 0, 0, 0, 0, 0, 0, 0, 0, 0, 0, 0, 0, 0, 0, 0, 0, 12, 0, 19, 0, 0, 22, 0, 8, 17, 0, 32, 46, 0, 0, 0, 16, 0, 20, 24, 0, 12, 0, 0, 0, 35, 27, 0, 6, 0, 0, 14, 0, 0, 0, 0, 0, 0, 0, 0, 32, 0, 6, 17, 0, 0, 0, 0, 0, 0, 0, 0, 0, 0, 0, 0, 8, 0, 0, 0, 0, 19, 30, 0, 0, 0]
];


missed_demand_penalty = [
    [0, 0, 0, 0, 0, 0, 0, 0, 0, 0, 0, 0, 0, 0, 0, 0, 0, 0, 0, 0, 0, 0, 0, 0, 0, 0, 0, 0, 0, 0, 0, 0, 0, 0, 0, 0, 1, 1, 0, 0, 1, 0, 0, 0, 1, 0, 0, 1, 1, 1, 1, 0, 0, 0, 0, 0, 1, 0, 0, 1, 1, 1, 0, 0, 0, 0, 0, 1, 1, 1, 1, 1, 0, 0, 0, 0, 0, 0, 0, 1, 0, 0, 1, 1, 0, 0, 1, 0, 0, 1, 1, 0, 1, 0, 0, 0, 0, 1, 0, 0],
[0, 0, 0, 0, 0, 0, 0, 0, 0, 0, 0, 0, 0, 0, 0, 0, 0, 0, 0, 0, 0, 0, 0, 0, 0, 0, 0, 0, 0, 0, 0, 0, 0, 0, 0, 1, 0, 1, 0, 0, 1, 0, 1, 1, 0, 1, 1, 0, 0, 0, 1, 0, 1, 1, 0, 1, 0, 0, 0, 1, 1, 0, 1, 0, 0, 1, 0, 0, 0, 0, 0, 0, 0, 0, 1, 0, 1, 1, 0, 0, 0, 0, 0, 0, 0, 0, 0, 0, 0, 0, 1, 0, 0, 0, 0, 1, 1, 0, 0, 0]
];