output_file = "12-2-CE-100-1.40-806.csv";

n_days = 100;
n_shelf_types = 2;
n_crops = 2;

num_shelves = [
    8, 4
];


crop_shelf_type_compatible = [
    [1, 1],
[1, 1]
];

crop_growth_days = [15, 35];

n_configurations = 6;

crop_growth_day_config = [
    [1, 1, 1, 2, 2, 2, 2, 2, 2, 2, 2, 2, 2, 2, 2, -1, -1, -1, -1, -1, -1, -1, -1, -1, -1, -1, -1, -1, -1, -1, -1, -1, -1, -1, -1],
[3, 3, 3, 3, 3, 3, 3, 4, 4, 4, 4, 4, 4, 4, 4, 4, 4, 5, 5, 5, 5, 5, 5, 5, 5, 5, 5, 5, 5, 5, 5, 6, 6, 6, 6]
];

capacity = [
    [12, 12, 12, 12, 12, 12],
[12, 12, 12, 12, 12, 12]
];

demand = [
    [0, 0, 0, 0, 0, 0, 0, 0, 0, 0, 0, 0, 0, 0, 0, 0, 0, 25, 0, 0, 0, 0, 0, 0, 0, 0, 0, 0, 0, 16, 14, 0, 0, 26, 0, 9, 0, 11, 32, 0, 30, 7, 0, 0, 9, 0, 0, 0, 5, 0, 0, 0, 30, 33, 0, 11, 18, 0, 12, 0, 0, 0, 0, 0, 0, 0, 0, 43, 0, 8, 0, 0, 18, 0, 0, 0, 0, 16, 18, 15, 0, 21, 22, 11, 0, 0, 12, 30, 0, 0, 0, 0, 0, 12, 29, 36, 15, 8, 0, 18],
[0, 0, 0, 0, 0, 0, 0, 0, 0, 0, 0, 0, 0, 0, 0, 0, 0, 0, 0, 0, 0, 0, 0, 0, 0, 0, 0, 0, 0, 0, 0, 0, 0, 0, 0, 0, 0, 15, 0, 0, 12, 8, 0, 0, 11, 22, 40, 0, 7, 0, 0, 0, 18, 0, 0, 0, 0, 0, 11, 0, 35, 0, 11, 8, 9, 0, 0, 0, 21, 0, 7, 18, 0, 36, 0, 0, 9, 0, 0, 0, 0, 0, 12, 0, 7, 15, 0, 19, 0, 18, 0, 14, 0, 0, 23, 32, 0, 0, 11, 0]
];


missed_demand_penalty = [
    [0, 0, 0, 0, 0, 0, 0, 0, 0, 0, 0, 0, 0, 0, 0, 0, 0, 1, 0, 0, 0, 0, 0, 0, 0, 0, 0, 0, 0, 1, 1, 0, 0, 1, 0, 1, 0, 1, 1, 0, 1, 1, 0, 0, 1, 0, 0, 0, 1, 0, 0, 0, 1, 1, 0, 1, 1, 0, 1, 0, 0, 0, 0, 0, 0, 0, 0, 1, 0, 1, 0, 0, 1, 0, 0, 0, 0, 1, 1, 1, 0, 1, 1, 1, 0, 0, 1, 1, 0, 0, 0, 0, 0, 1, 1, 1, 1, 1, 0, 1],
[0, 0, 0, 0, 0, 0, 0, 0, 0, 0, 0, 0, 0, 0, 0, 0, 0, 0, 0, 0, 0, 0, 0, 0, 0, 0, 0, 0, 0, 0, 0, 0, 0, 0, 0, 0, 0, 1, 0, 0, 1, 1, 0, 0, 1, 1, 1, 0, 1, 0, 0, 0, 1, 0, 0, 0, 0, 0, 1, 0, 1, 0, 1, 1, 1, 0, 0, 0, 1, 0, 1, 1, 0, 1, 0, 0, 1, 0, 0, 0, 0, 0, 1, 0, 1, 1, 0, 1, 0, 1, 0, 1, 0, 0, 1, 1, 0, 0, 1, 0]
];