output_file = "12-2-BC-100-1.20-535.csv";

n_days = 100;
n_shelf_types = 2;
n_crops = 2;

num_shelves = [
    8, 4
];


crop_shelf_type_compatible = [
    [1, 1],
[1, 1]
];

crop_growth_days = [15, 15];

n_configurations = 3;

crop_growth_day_config = [
    [1, 1, 1, 2, 2, 2, 2, 2, 2, 2, 2, 2, 2, 2, 2],
[1, 1, 1, 3, 3, 3, 3, 3, 3, 3, 3, 3, 3, 3, 3]
];

capacity = [
    [12, 12, 12],
[12, 12, 12]
];

demand = [
    [0, 0, 0, 0, 0, 0, 0, 0, 0, 0, 0, 0, 0, 0, 0, 0, 0, 0, 0, 0, 0, 0, 0, 2, 0, 4, 0, 0, 4, 3, 0, 0, 0, 0, 1, 0, 2, 0, 7, 0, 8, 0, 0, 0, 2, 0, 0, 0, 0, 0, 0, 0, 0, 0, 3, 0, 0, 0, 2, 0, 7, 0, 0, 0, 3, 0, 0, 0, 0, 0, 0, 3, 0, 7, 0, 6, 0, 0, 3, 0, 0, 0, 0, 0, 0, 3, 0, 0, 8, 0, 2, 0, 2, 0, 0, 0, 0, 2, 3, 0],
[0, 0, 0, 0, 0, 0, 0, 0, 0, 0, 0, 0, 0, 0, 0, 0, 0, 7, 0, 8, 0, 3, 0, 0, 4, 0, 0, 1, 0, 0, 0, 0, 0, 8, 0, 0, 0, 2, 9, 0, 0, 0, 0, 1, 0, 0, 6, 0, 0, 0, 0, 0, 9, 0, 0, 0, 0, 2, 0, 0, 0, 4, 2, 3, 0, 0, 0, 9, 0, 0, 0, 0, 0, 4, 0, 6, 1, 0, 3, 0, 4, 9, 6, 0, 0, 3, 0, 8, 8, 7, 0, 0, 4, 0, 3, 0, 0, 0, 0, 3]
];
