output_file = "12-3-CDE-100-1.20-1759.csv";

n_days = 100;
n_shelf_types = 2;
n_crops = 3;

num_shelves = [
    8, 4
];


crop_shelf_type_compatible = [
    [1, 1],
[1, 1],
[1, 1]
];

crop_growth_days = [15, 44, 35];

n_configurations = 11;

crop_growth_day_config = [
    [1, 1, 1, 2, 2, 2, 2, 2, 2, 2, 2, 2, 2, 2, 2, -1, -1, -1, -1, -1, -1, -1, -1, -1, -1, -1, -1, -1, -1, -1, -1, -1, -1, -1, -1, -1, -1, -1, -1, -1, -1, -1, -1, -1],
[3, 3, 4, 4, 4, 4, 4, 4, 4, 4, 4, 4, 4, 4, 4, 4, 5, 5, 5, 5, 5, 5, 5, 5, 5, 5, 6, 6, 6, 6, 6, 6, 6, 6, 6, 7, 7, 7, 7, 7, 7, 7, 7, 7],
[8, 8, 8, 8, 8, 8, 8, 9, 9, 9, 9, 9, 9, 9, 9, 9, 9, 10, 10, 10, 10, 10, 10, 10, 10, 10, 10, 10, 10, 10, 10, 11, 11, 11, 11, -1, -1, -1, -1, -1, -1, -1, -1, -1]
];

capacity = [
    [12, 12, 10, 10, 10, 10, 10, 12, 12, 12, 12],
[12, 12, 10, 10, 10, 10, 10, 12, 12, 12, 12]
];

demand = [
    [0, 0, 0, 0, 0, 0, 0, 0, 0, 0, 0, 0, 0, 0, 0, 6, 9, 0, 15, 0, 0, 8, 7, 6, 0, 0, 0, 0, 7, 7, 0, 12, 0, 0, 3, 9, 7, 8, 0, 0, 0, 0, 9, 0, 0, 12, 15, 10, 0, 0, 6, 0, 0, 0, 0, 0, 0, 0, 12, 8, 0, 8, 0, 0, 0, 10, 0, 10, 7, 0, 0, 9, 0, 0, 16, 10, 0, 6, 0, 6, 0, 0, 0, 0, 0, 0, 9, 0, 0, 9, 0, 0, 0, 0, 20, 0, 0, 0, 4, 0],
[0, 0, 0, 0, 0, 0, 0, 0, 0, 0, 0, 0, 0, 0, 0, 0, 0, 0, 0, 0, 0, 0, 0, 0, 0, 0, 0, 0, 0, 0, 0, 0, 0, 0, 0, 0, 0, 0, 0, 0, 0, 0, 0, 0, 0, 0, 0, 16, 0, 9, 0, 0, 10, 0, 0, 0, 4, 6, 4, 0, 0, 0, 6, 0, 0, 0, 0, 0, 0, 4, 6, 0, 0, 0, 21, 8, 2, 0, 8, 10, 8, 0, 0, 0, 6, 0, 0, 19, 18, 8, 0, 6, 0, 0, 0, 0, 0, 6, 0, 0],
[0, 0, 0, 0, 0, 0, 0, 0, 0, 0, 0, 0, 0, 0, 0, 0, 0, 0, 0, 0, 0, 0, 0, 0, 0, 0, 0, 0, 0, 0, 0, 0, 0, 0, 0, 8, 9, 6, 15, 18, 0, 2, 4, 9, 0, 0, 0, 13, 0, 9, 0, 7, 0, 0, 0, 0, 0, 6, 0, 14, 9, 0, 0, 0, 0, 0, 12, 0, 0, 4, 0, 0, 7, 19, 0, 12, 6, 9, 0, 0, 0, 24, 13, 0, 0, 0, 0, 0, 0, 0, 0, 0, 0, 0, 0, 0, 15, 0, 0, 10]
];


missed_demand_penalty = [
    [0, 0, 0, 0, 0, 0, 0, 0, 0, 0, 0, 0, 0, 0, 0, 1, 1, 0, 1, 0, 0, 1, 1, 1, 0, 0, 0, 0, 1, 1, 0, 1, 0, 0, 1, 1, 1, 1, 0, 0, 0, 0, 1, 0, 0, 1, 1, 1, 0, 0, 1, 0, 0, 0, 0, 0, 0, 0, 1, 1, 0, 1, 0, 0, 0, 1, 0, 1, 1, 0, 0, 1, 0, 0, 1, 1, 0, 1, 0, 1, 0, 0, 0, 0, 0, 0, 1, 0, 0, 1, 0, 0, 0, 0, 1, 0, 0, 0, 1, 0],
[0, 0, 0, 0, 0, 0, 0, 0, 0, 0, 0, 0, 0, 0, 0, 0, 0, 0, 0, 0, 0, 0, 0, 0, 0, 0, 0, 0, 0, 0, 0, 0, 0, 0, 0, 0, 0, 0, 0, 0, 0, 0, 0, 0, 0, 0, 0, 1, 0, 1, 0, 0, 1, 0, 0, 0, 1, 1, 1, 0, 0, 0, 1, 0, 0, 0, 0, 0, 0, 1, 1, 0, 0, 0, 1, 1, 1, 0, 1, 1, 1, 0, 0, 0, 1, 0, 0, 1, 1, 1, 0, 1, 0, 0, 0, 0, 0, 1, 0, 0],
[0, 0, 0, 0, 0, 0, 0, 0, 0, 0, 0, 0, 0, 0, 0, 0, 0, 0, 0, 0, 0, 0, 0, 0, 0, 0, 0, 0, 0, 0, 0, 0, 0, 0, 0, 1, 1, 1, 1, 1, 0, 1, 1, 1, 0, 0, 0, 1, 0, 1, 0, 1, 0, 0, 0, 0, 0, 1, 0, 1, 1, 0, 0, 0, 0, 0, 1, 0, 0, 1, 0, 0, 1, 1, 0, 1, 1, 1, 0, 0, 0, 1, 1, 0, 0, 0, 0, 0, 0, 0, 0, 0, 0, 0, 0, 0, 1, 0, 0, 1]
];