output_file = "12-3-BCE-80-2.00-1475.csv";

n_days = 80;
n_shelf_types = 2;
n_crops = 3;

num_shelves = [
    8, 4
];


crop_shelf_type_compatible = [
    [1, 1],
[1, 1],
[1, 1]
];

crop_growth_days = [15, 15, 35];

n_configurations = 7;

crop_growth_day_config = [
    [1, 1, 1, 2, 2, 2, 2, 2, 2, 2, 2, 2, 2, 2, 2, -1, -1, -1, -1, -1, -1, -1, -1, -1, -1, -1, -1, -1, -1, -1, -1, -1, -1, -1, -1],
[1, 1, 1, 3, 3, 3, 3, 3, 3, 3, 3, 3, 3, 3, 3, -1, -1, -1, -1, -1, -1, -1, -1, -1, -1, -1, -1, -1, -1, -1, -1, -1, -1, -1, -1],
[4, 4, 4, 4, 4, 4, 4, 5, 5, 5, 5, 5, 5, 5, 5, 5, 5, 6, 6, 6, 6, 6, 6, 6, 6, 6, 6, 6, 6, 6, 6, 7, 7, 7, 7]
];

capacity = [
    [12, 12, 12, 12, 12, 12, 12],
[12, 12, 12, 12, 12, 12, 12]
];

demand = [
    [0, 0, 0, 0, 0, 0, 0, 0, 0, 0, 0, 0, 0, 0, 0, 0, 0, 14, 0, 22, 0, 0, 12, 10, 0, 30, 0, 10, 0, 12, 0, 34, 0, 14, 6, 0, 0, 20, 30, 0, 18, 4, 0, 10, 0, 22, 40, 0, 6, 0, 0, 16, 14, 22, 16, 6, 16, 0, 0, 32, 0, 0, 6, 0, 0, 0, 22, 0, 14, 0, 16, 0, 0, 32, 0, 0, 8, 12, 0, 16],
[0, 0, 0, 0, 0, 0, 0, 0, 0, 0, 0, 0, 0, 0, 0, 0, 0, 20, 0, 0, 0, 0, 12, 20, 0, 0, 0, 0, 0, 16, 0, 0, 0, 26, 0, 16, 0, 18, 0, 0, 14, 0, 0, 18, 0, 0, 40, 0, 0, 0, 0, 18, 20, 0, 0, 0, 0, 6, 8, 0, 0, 24, 8, 0, 0, 8, 20, 40, 0, 0, 0, 14, 0, 18, 0, 20, 0, 12, 16, 8],
[0, 0, 0, 0, 0, 0, 0, 0, 0, 0, 0, 0, 0, 0, 0, 0, 0, 0, 0, 0, 0, 0, 0, 0, 0, 0, 0, 0, 0, 0, 0, 0, 0, 0, 0, 16, 8, 8, 16, 0, 0, 0, 0, 0, 0, 0, 28, 0, 0, 0, 16, 0, 14, 18, 0, 6, 14, 0, 0, 0, 0, 0, 0, 0, 0, 14, 0, 20, 0, 0, 0, 16, 12, 0, 28, 0, 0, 0, 0, 8]
];


missed_demand_penalty = [
    [0, 0, 0, 0, 0, 0, 0, 0, 0, 0, 0, 0, 0, 0, 0, 0, 0, 1, 0, 1, 0, 0, 1, 1, 0, 1, 0, 1, 0, 1, 0, 1, 0, 1, 1, 0, 0, 1, 1, 0, 1, 1, 0, 1, 0, 1, 1, 0, 1, 0, 0, 1, 1, 1, 1, 1, 1, 0, 0, 1, 0, 0, 1, 0, 0, 0, 1, 0, 1, 0, 1, 0, 0, 1, 0, 0, 1, 1, 0, 1],
[0, 0, 0, 0, 0, 0, 0, 0, 0, 0, 0, 0, 0, 0, 0, 0, 0, 1, 0, 0, 0, 0, 1, 1, 0, 0, 0, 0, 0, 1, 0, 0, 0, 1, 0, 1, 0, 1, 0, 0, 1, 0, 0, 1, 0, 0, 1, 0, 0, 0, 0, 1, 1, 0, 0, 0, 0, 1, 1, 0, 0, 1, 1, 0, 0, 1, 1, 1, 0, 0, 0, 1, 0, 1, 0, 1, 0, 1, 1, 1],
[0, 0, 0, 0, 0, 0, 0, 0, 0, 0, 0, 0, 0, 0, 0, 0, 0, 0, 0, 0, 0, 0, 0, 0, 0, 0, 0, 0, 0, 0, 0, 0, 0, 0, 0, 1, 1, 1, 1, 0, 0, 0, 0, 0, 0, 0, 1, 0, 0, 0, 1, 0, 1, 1, 0, 1, 1, 0, 0, 0, 0, 0, 0, 0, 0, 1, 0, 1, 0, 0, 0, 1, 1, 0, 1, 0, 0, 0, 0, 1]
];