output_file = "12-3-BCE-100-1.00-1488.csv";

n_days = 100;
n_shelf_types = 2;
n_crops = 3;

num_shelves = [
    8, 4
];


crop_shelf_type_compatible = [
    [1, 1],
[1, 1],
[1, 1]
];

crop_growth_days = [15, 15, 35];

n_configurations = 7;

crop_growth_day_config = [
    [1, 1, 1, 2, 2, 2, 2, 2, 2, 2, 2, 2, 2, 2, 2, -1, -1, -1, -1, -1, -1, -1, -1, -1, -1, -1, -1, -1, -1, -1, -1, -1, -1, -1, -1],
[1, 1, 1, 3, 3, 3, 3, 3, 3, 3, 3, 3, 3, 3, 3, -1, -1, -1, -1, -1, -1, -1, -1, -1, -1, -1, -1, -1, -1, -1, -1, -1, -1, -1, -1],
[4, 4, 4, 4, 4, 4, 4, 5, 5, 5, 5, 5, 5, 5, 5, 5, 5, 6, 6, 6, 6, 6, 6, 6, 6, 6, 6, 6, 6, 6, 6, 7, 7, 7, 7]
];

capacity = [
    [12, 12, 12, 12, 12, 12, 12],
[12, 12, 12, 12, 12, 12, 12]
];

demand = [
    [0, 0, 0, 0, 0, 0, 0, 0, 0, 0, 0, 0, 0, 0, 0, 0, 2, 0, 3, 0, 1, 0, 0, 0, 0, 4, 0, 0, 1, 3, 0, 0, 0, 2, 1, 0, 0, 0, 0, 0, 0, 2, 2, 0, 0, 0, 7, 0, 0, 0, 0, 3, 3, 6, 0, 0, 2, 1, 0, 0, 5, 4, 0, 0, 1, 0, 0, 0, 0, 0, 0, 0, 0, 4, 0, 4, 0, 0, 1, 0, 4, 0, 4, 0, 0, 0, 0, 0, 0, 0, 0, 3, 1, 0, 6, 0, 0, 0, 2, 0],
[0, 0, 0, 0, 0, 0, 0, 0, 0, 0, 0, 0, 0, 0, 0, 1, 0, 0, 0, 0, 1, 0, 0, 0, 0, 0, 3, 0, 0, 0, 0, 4, 0, 0, 0, 1, 0, 2, 0, 0, 0, 1, 1, 2, 0, 0, 0, 0, 0, 0, 0, 0, 4, 6, 2, 0, 0, 0, 0, 0, 0, 0, 1, 0, 0, 0, 0, 5, 0, 1, 2, 2, 0, 4, 4, 3, 0, 2, 3, 2, 3, 5, 2, 0, 3, 0, 0, 0, 0, 4, 1, 1, 0, 0, 0, 0, 0, 0, 0, 0],
[0, 0, 0, 0, 0, 0, 0, 0, 0, 0, 0, 0, 0, 0, 0, 0, 0, 0, 0, 0, 0, 0, 0, 0, 0, 0, 0, 0, 0, 0, 0, 0, 0, 0, 0, 0, 0, 0, 0, 3, 0, 0, 0, 0, 3, 6, 0, 0, 0, 0, 1, 0, 0, 5, 4, 1, 0, 0, 0, 4, 0, 0, 0, 0, 0, 0, 0, 0, 0, 0, 0, 0, 1, 0, 4, 0, 0, 0, 0, 0, 0, 0, 2, 0, 0, 0, 2, 0, 0, 0, 0, 0, 0, 0, 0, 5, 3, 0, 1, 0]
];
