output_file = "12-3-ABC-100-1.80-1060.csv";

n_days = 100;
n_shelves = 12;
n_crops = 3;

crop_shelf_compatible = [
    [0, 0, 0, 0, 0, 0, 0, 0, 1, 1, 1, 1],
[1, 1, 1, 1, 1, 1, 1, 1, 1, 1, 1, 1],
[1, 1, 1, 1, 1, 1, 1, 1, 1, 1, 1, 1]
];

crop_growth_days = [64, 15, 15];

n_configurations = 5;

crop_growth_day_config = [
    [1, 1, 1, 1, 1, 1, 1, 2, 2, 2, 2, 2, 2, 2, 2, 2, 2, 2, 2, 2, 2, 2, 2, 2, 2, 2, 2, 2, 3, 3, 3, 3, 3, 3, 3, 3, 3, 3, 3, 3, 3, 3, 3, 3, 3, 3, 3, 3, 3, 3, 3, 3, 3, 3, 3, 3, 3, 3, 3, 3, 3, 3, 3, 3],
[4, 4, 4, 5, 5, 5, 5, 5, 5, 5, 5, 5, 5, 5, 5, -1, -1, -1, -1, -1, -1, -1, -1, -1, -1, -1, -1, -1, -1, -1, -1, -1, -1, -1, -1, -1, -1, -1, -1, -1, -1, -1, -1, -1, -1, -1, -1, -1, -1, -1, -1, -1, -1, -1, -1, -1, -1, -1, -1, -1, -1, -1, -1, -1],
[4, 4, 4, 3, 3, 3, 3, 3, 3, 3, 3, 3, 3, 3, 3, -1, -1, -1, -1, -1, -1, -1, -1, -1, -1, -1, -1, -1, -1, -1, -1, -1, -1, -1, -1, -1, -1, -1, -1, -1, -1, -1, -1, -1, -1, -1, -1, -1, -1, -1, -1, -1, -1, -1, -1, -1, -1, -1, -1, -1, -1, -1, -1, -1]
];

capacity = [
    [12, 12, 12, 12, 12],
[12, 12, 12, 12, 12],
[12, 12, 12, 12, 12],
[12, 12, 12, 12, 12],
[12, 12, 12, 12, 12],
[12, 12, 12, 12, 12],
[12, 12, 12, 12, 12],
[12, 12, 12, 12, 12],
[12, 12, 12, 12, 12],
[12, 12, 12, 12, 12],
[12, 12, 12, 12, 12],
[12, 12, 12, 12, 12]
];

demand = [
    [0, 0, 0, 0, 0, 0, 0, 0, 0, 0, 0, 0, 0, 0, 0, 0, 0, 0, 0, 0, 0, 0, 0, 0, 0, 0, 0, 0, 0, 0, 0, 0, 0, 0, 0, 0, 0, 0, 0, 0, 0, 0, 0, 0, 0, 0, 0, 0, 0, 0, 0, 0, 0, 0, 0, 0, 0, 0, 0, 0, 0, 0, 0, 0, 0, 0, 0, 1, 0, 0, 0, 0, 1, 0, 3, 0, 0, 0, 0, 0, 1, 0, 0, 0, 0, 0, 0, 0, 0, 0, 0, 0, 0, 0, 0, 1, 0, 0, 0, 0],
[0, 0, 0, 0, 0, 0, 0, 0, 0, 0, 0, 0, 0, 0, 0, 0, 0, 0, 0, 0, 0, 0, 0, 0, 0, 0, 0, 0, 0, 0, 1, 0, 0, 5, 0, 0, 0, 0, 9, 5, 0, 0, 0, 0, 0, 0, 0, 0, 0, 1, 5, 3, 0, 0, 9, 0, 0, 5, 0, 5, 7, 0, 0, 0, 0, 3, 9, 0, 5, 0, 3, 3, 0, 0, 0, 5, 0, 0, 0, 3, 0, 0, 0, 0, 1, 0, 0, 10, 3, 0, 0, 0, 0, 5, 0, 0, 3, 0, 0, 5],
[0, 0, 0, 0, 0, 0, 0, 0, 0, 0, 0, 0, 0, 0, 0, 1, 0, 7, 0, 0, 1, 3, 0, 0, 0, 9, 0, 0, 1, 0, 0, 0, 0, 3, 0, 0, 0, 0, 9, 10, 7, 0, 0, 0, 0, 0, 0, 0, 0, 0, 0, 0, 5, 0, 0, 0, 3, 0, 0, 9, 12, 0, 0, 0, 0, 0, 5, 10, 9, 0, 0, 0, 0, 0, 0, 0, 1, 3, 0, 0, 0, 0, 1, 0, 1, 1, 5, 0, 0, 3, 1, 0, 0, 3, 0, 0, 0, 0, 0, 0]
];
