output_file = "12-3-BCF-100-1.80-1546.csv";

n_days = 100;
n_shelf_types = 2;
n_crops = 3;

num_shelves = [
    8, 4
];


crop_shelf_type_compatible = [
    [1, 1],
[1, 1],
[1, 1]
];

crop_growth_days = [15, 15, 35];

n_configurations = 6;

crop_growth_day_config = [
    [1, 1, 1, 2, 2, 2, 2, 2, 2, 2, 2, 2, 2, 2, 2, -1, -1, -1, -1, -1, -1, -1, -1, -1, -1, -1, -1, -1, -1, -1, -1, -1, -1, -1, -1],
[1, 1, 1, 3, 3, 3, 3, 3, 3, 3, 3, 3, 3, 3, 3, -1, -1, -1, -1, -1, -1, -1, -1, -1, -1, -1, -1, -1, -1, -1, -1, -1, -1, -1, -1],
[4, 4, 4, 4, 4, 4, 4, 1, 1, 1, 1, 1, 1, 1, 1, 1, 1, 5, 5, 5, 5, 5, 5, 5, 5, 5, 5, 5, 5, 5, 5, 6, 6, 6, 6]
];

capacity = [
    [12, 12, 12, 12, 10, 10],
[12, 12, 12, 12, 10, 10]
];

demand = [
    [0, 0, 0, 0, 0, 0, 0, 0, 0, 0, 0, 0, 0, 0, 0, 14, 12, 0, 0, 0, 3, 0, 0, 16, 0, 0, 10, 0, 10, 0, 0, 0, 32, 25, 7, 12, 0, 0, 0, 23, 23, 0, 0, 0, 0, 16, 0, 0, 0, 0, 0, 16, 21, 0, 21, 9, 12, 7, 0, 27, 23, 19, 5, 0, 7, 0, 23, 0, 19, 0, 0, 0, 16, 12, 23, 0, 7, 5, 0, 0, 14, 0, 0, 3, 0, 7, 14, 0, 0, 0, 0, 0, 0, 9, 0, 0, 0, 5, 7, 9],
[0, 0, 0, 0, 0, 0, 0, 0, 0, 0, 0, 0, 0, 0, 0, 0, 10, 0, 16, 19, 0, 0, 9, 0, 28, 0, 0, 0, 0, 16, 0, 0, 0, 19, 9, 12, 9, 0, 27, 0, 19, 0, 0, 0, 14, 14, 0, 0, 0, 0, 0, 16, 0, 0, 18, 0, 9, 14, 0, 0, 0, 21, 0, 0, 12, 10, 23, 0, 0, 5, 0, 0, 0, 0, 0, 0, 3, 0, 16, 0, 0, 21, 0, 5, 14, 9, 0, 14, 0, 10, 0, 5, 7, 14, 0, 0, 16, 0, 0, 0],
[0, 0, 0, 0, 0, 0, 0, 0, 0, 0, 0, 0, 0, 0, 0, 0, 0, 0, 0, 0, 0, 0, 0, 0, 0, 0, 0, 0, 0, 0, 0, 0, 0, 0, 0, 0, 10, 0, 0, 0, 0, 0, 0, 0, 0, 0, 0, 0, 5, 0, 0, 0, 25, 0, 14, 9, 0, 12, 16, 0, 36, 18, 5, 14, 9, 0, 0, 25, 0, 5, 0, 0, 0, 12, 28, 0, 9, 12, 0, 14, 0, 0, 0, 5, 9, 9, 10, 28, 0, 0, 9, 10, 9, 0, 18, 0, 10, 7, 0, 12]
];


missed_demand_penalty = [
    [0, 0, 0, 0, 0, 0, 0, 0, 0, 0, 0, 0, 0, 0, 0, 1, 1, 0, 0, 0, 1, 0, 0, 1, 0, 0, 1, 0, 1, 0, 0, 0, 1, 1, 1, 1, 0, 0, 0, 1, 1, 0, 0, 0, 0, 1, 0, 0, 0, 0, 0, 1, 1, 0, 1, 1, 1, 1, 0, 1, 1, 1, 1, 0, 1, 0, 1, 0, 1, 0, 0, 0, 1, 1, 1, 0, 1, 1, 0, 0, 1, 0, 0, 1, 0, 1, 1, 0, 0, 0, 0, 0, 0, 1, 0, 0, 0, 1, 1, 1],
[0, 0, 0, 0, 0, 0, 0, 0, 0, 0, 0, 0, 0, 0, 0, 0, 1, 0, 1, 1, 0, 0, 1, 0, 1, 0, 0, 0, 0, 1, 0, 0, 0, 1, 1, 1, 1, 0, 1, 0, 1, 0, 0, 0, 1, 1, 0, 0, 0, 0, 0, 1, 0, 0, 1, 0, 1, 1, 0, 0, 0, 1, 0, 0, 1, 1, 1, 0, 0, 1, 0, 0, 0, 0, 0, 0, 1, 0, 1, 0, 0, 1, 0, 1, 1, 1, 0, 1, 0, 1, 0, 1, 1, 1, 0, 0, 1, 0, 0, 0],
[0, 0, 0, 0, 0, 0, 0, 0, 0, 0, 0, 0, 0, 0, 0, 0, 0, 0, 0, 0, 0, 0, 0, 0, 0, 0, 0, 0, 0, 0, 0, 0, 0, 0, 0, 0, 1, 0, 0, 0, 0, 0, 0, 0, 0, 0, 0, 0, 1, 0, 0, 0, 1, 0, 1, 1, 0, 1, 1, 0, 1, 1, 1, 1, 1, 0, 0, 1, 0, 1, 0, 0, 0, 1, 1, 0, 1, 1, 0, 1, 0, 0, 0, 1, 1, 1, 1, 1, 0, 0, 1, 1, 1, 0, 1, 0, 1, 1, 0, 1]
];