output_file = "12-3-BCF-100-2.00-1547.csv";

n_days = 100;
n_shelf_types = 2;
n_crops = 3;

num_shelves = [
    8, 4
];


crop_shelf_type_compatible = [
    [1, 1],
[1, 1],
[1, 1]
];

crop_growth_days = [15, 15, 35];

n_configurations = 6;

crop_growth_day_config = [
    [1, 1, 1, 2, 2, 2, 2, 2, 2, 2, 2, 2, 2, 2, 2, -1, -1, -1, -1, -1, -1, -1, -1, -1, -1, -1, -1, -1, -1, -1, -1, -1, -1, -1, -1],
[1, 1, 1, 3, 3, 3, 3, 3, 3, 3, 3, 3, 3, 3, 3, -1, -1, -1, -1, -1, -1, -1, -1, -1, -1, -1, -1, -1, -1, -1, -1, -1, -1, -1, -1],
[4, 4, 4, 4, 4, 4, 4, 1, 1, 1, 1, 1, 1, 1, 1, 1, 1, 5, 5, 5, 5, 5, 5, 5, 5, 5, 5, 5, 5, 5, 5, 6, 6, 6, 6]
];

capacity = [
    [12, 12, 12, 12, 10, 10],
[12, 12, 12, 12, 10, 10]
];

demand = [
    [0, 0, 0, 0, 0, 0, 0, 0, 0, 0, 0, 0, 0, 0, 0, 0, 0, 0, 0, 6, 0, 0, 0, 6, 0, 12, 0, 0, 2, 0, 0, 0, 0, 0, 0, 4, 4, 0, 0, 0, 0, 0, 0, 2, 0, 0, 4, 6, 0, 0, 0, 2, 0, 0, 0, 0, 2, 0, 0, 0, 14, 0, 0, 0, 6, 0, 4, 0, 0, 0, 0, 4, 2, 10, 0, 0, 0, 0, 2, 6, 0, 10, 0, 0, 4, 0, 0, 0, 0, 0, 0, 0, 0, 0, 8, 10, 0, 0, 0, 0],
[0, 0, 0, 0, 0, 0, 0, 0, 0, 0, 0, 0, 0, 0, 0, 0, 0, 0, 0, 0, 0, 0, 0, 0, 6, 0, 4, 0, 0, 0, 0, 6, 0, 0, 4, 0, 0, 4, 0, 10, 0, 0, 0, 0, 0, 0, 0, 0, 0, 0, 0, 0, 0, 10, 0, 2, 0, 0, 0, 0, 0, 0, 0, 4, 0, 2, 4, 8, 0, 0, 0, 0, 0, 6, 10, 6, 2, 4, 0, 0, 0, 0, 4, 2, 6, 0, 0, 0, 14, 6, 0, 0, 0, 0, 10, 0, 8, 0, 4, 0],
[0, 0, 0, 0, 0, 0, 0, 0, 0, 0, 0, 0, 0, 0, 0, 0, 0, 0, 0, 0, 0, 0, 0, 0, 0, 0, 0, 0, 0, 0, 0, 0, 0, 0, 0, 0, 2, 0, 0, 0, 0, 0, 4, 0, 0, 0, 0, 0, 0, 0, 4, 0, 4, 14, 0, 0, 4, 4, 6, 4, 0, 8, 0, 0, 0, 0, 0, 0, 10, 0, 0, 0, 0, 0, 0, 0, 0, 0, 0, 0, 0, 0, 0, 2, 0, 6, 2, 0, 0, 0, 0, 0, 0, 0, 6, 0, 0, 0, 2, 0]
];
