output_file = "7-1-B-100-1.60-75.csv";

n_days = 100;
n_shelf_types = 2;
n_crops = 1;

num_shelves = [
    5, 2
];


crop_shelf_type_compatible = [
    [1, 1]
];

crop_growth_days = [15];

n_configurations = 2;

crop_growth_day_config = [
    [1, 1, 1, 2, 2, 2, 2, 2, 2, 2, 2, 2, 2, 2, 2]
];

capacity = [
    [12, 12],
[12, 12]
];

demand = [
    [0, 0, 0, 0, 0, 0, 0, 0, 0, 0, 0, 0, 0, 0, 0, 12, 24, 0, 49, 16, 0, 0, 25, 0, 27, 57, 17, 0, 0, 14, 0, 0, 0, 0, 0, 0, 17, 0, 0, 0, 25, 12, 16, 11, 12, 0, 49, 38, 0, 0, 24, 0, 0, 22, 33, 0, 0, 0, 17, 36, 0, 0, 14, 0, 0, 0, 0, 0, 27, 0, 16, 0, 0, 0, 0, 22, 12, 0, 0, 16, 0, 0, 28, 12, 0, 0, 16, 0, 48, 0, 11, 17, 0, 0, 49, 52, 40, 0, 0, 0]
];


missed_demand_penalty = [
    [0, 0, 0, 0, 0, 0, 0, 0, 0, 0, 0, 0, 0, 0, 0, 1, 1, 0, 1, 1, 0, 0, 1, 0, 1, 1, 1, 0, 0, 1, 0, 0, 0, 0, 0, 0, 1, 0, 0, 0, 1, 1, 1, 1, 1, 0, 1, 1, 0, 0, 1, 0, 0, 1, 1, 0, 0, 0, 1, 1, 0, 0, 1, 0, 0, 0, 0, 0, 1, 0, 1, 0, 0, 0, 0, 1, 1, 0, 0, 1, 0, 0, 1, 1, 0, 0, 1, 0, 1, 0, 1, 1, 0, 0, 1, 1, 1, 0, 0, 0]
];