output_file = "7-1-E-100-1.20-235.csv";

n_days = 100;
n_shelf_types = 2;
n_crops = 1;

num_shelves = [
    5, 2
];


crop_shelf_type_compatible = [
    [1, 1]
];

crop_growth_days = [35];

n_configurations = 4;

crop_growth_day_config = [
    [1, 1, 1, 1, 1, 1, 1, 2, 2, 2, 2, 2, 2, 2, 2, 2, 2, 3, 3, 3, 3, 3, 3, 3, 3, 3, 3, 3, 3, 3, 3, 4, 4, 4, 4]
];

capacity = [
    [12, 12, 12, 12],
[12, 12, 12, 12]
];

demand = [
    [0, 0, 0, 0, 0, 0, 0, 0, 0, 0, 0, 0, 0, 0, 0, 0, 0, 0, 0, 0, 0, 0, 0, 0, 0, 0, 0, 0, 0, 0, 0, 0, 0, 0, 0, 3, 4, 0, 0, 0, 0, 2, 3, 0, 0, 6, 6, 0, 0, 0, 0, 0, 7, 10, 0, 0, 0, 4, 7, 0, 0, 0, 2, 0, 3, 0, 7, 0, 8, 0, 0, 0, 0, 0, 0, 0, 0, 6, 0, 0, 0, 0, 0, 2, 0, 4, 0, 0, 8, 7, 0, 0, 0, 0, 0, 0, 0, 0, 0, 4]
];
