output_file = "7-1-F-80-1.40-272.csv";

n_days = 80;
n_shelves = 7;
n_crops = 1;

crop_shelf_compatible = [
    [1, 1, 1, 1, 1, 1, 1]
];

crop_growth_days = [35];

n_configurations = 4;

crop_growth_day_config = [
    [1, 1, 1, 1, 1, 1, 1, 2, 2, 2, 2, 2, 2, 2, 2, 2, 2, 3, 3, 3, 3, 3, 3, 3, 3, 3, 3, 3, 3, 3, 3, 4, 4, 4, 4]
];

capacity = [
    [12, 12, 10, 10],
[12, 12, 10, 10],
[12, 12, 10, 10],
[12, 12, 10, 10],
[12, 12, 10, 10],
[12, 12, 10, 10],
[12, 12, 10, 10]
];

demand = [
    [0, 0, 0, 0, 0, 0, 0, 0, 0, 0, 0, 0, 0, 0, 0, 0, 0, 0, 0, 0, 0, 0, 0, 0, 0, 0, 0, 0, 0, 0, 0, 0, 0, 0, 0, 0, 0, 2, 14, 15, 0, 0, 4, 0, 5, 0, 7, 0, 0, 0, 0, 4, 0, 0, 0, 0, 5, 0, 0, 0, 0, 0, 0, 0, 4, 5, 0, 16, 0, 0, 5, 0, 0, 14, 9, 5, 0, 0, 0, 0]
];
