output_file = "7-1-B-80-1.40-56.csv";

n_days = 80;
n_shelves = 7;
n_crops = 1;

crop_shelf_compatible = [
    [1, 1, 1, 1, 1, 1, 1]
];

crop_growth_days = [15];

n_configurations = 2;

crop_growth_day_config = [
    [1, 1, 1, 2, 2, 2, 2, 2, 2, 2, 2, 2, 2, 2, 2]
];

capacity = [
    [12, 12],
[12, 12],
[12, 12],
[12, 12],
[12, 12],
[12, 12],
[12, 12]
];

demand = [
    [0, 0, 0, 0, 0, 0, 0, 0, 0, 0, 0, 0, 0, 0, 0, 2, 0, 0, 0, 4, 1, 7, 0, 0, 0, 0, 0, 0, 1, 7, 7, 8, 16, 0, 4, 0, 2, 0, 0, 0, 0, 2, 5, 0, 0, 0, 12, 0, 0, 0, 0, 0, 0, 0, 0, 0, 2, 0, 0, 14, 0, 0, 0, 5, 0, 7, 0, 0, 0, 0, 4, 0, 0, 8, 0, 11, 0, 2, 0, 7]
];
