output_file = "7-1-E-100-2.00-239.csv";

n_days = 100;
n_shelves = 7;
n_crops = 1;

crop_shelf_compatible = [
    [1, 1, 1, 1, 1, 1, 1]
];

crop_growth_days = [35];

n_configurations = 4;

crop_growth_day_config = [
    [1, 1, 1, 1, 1, 1, 1, 2, 2, 2, 2, 2, 2, 2, 2, 2, 2, 3, 3, 3, 3, 3, 3, 3, 3, 3, 3, 3, 3, 3, 3, 4, 4, 4, 4]
];

capacity = [
    [12, 12, 12, 12],
[12, 12, 12, 12],
[12, 12, 12, 12],
[12, 12, 12, 12],
[12, 12, 12, 12],
[12, 12, 12, 12],
[12, 12, 12, 12]
];

demand = [
    [0, 0, 0, 0, 0, 0, 0, 0, 0, 0, 0, 0, 0, 0, 0, 0, 0, 0, 0, 0, 0, 0, 0, 0, 0, 0, 0, 0, 0, 0, 0, 0, 0, 0, 0, 4, 0, 0, 0, 8, 0, 6, 0, 0, 0, 0, 0, 0, 4, 0, 10, 4, 14, 14, 0, 0, 0, 0, 0, 0, 16, 0, 0, 0, 0, 6, 0, 0, 0, 0, 0, 0, 0, 14, 26, 8, 4, 0, 0, 0, 18, 0, 0, 4, 2, 0, 10, 0, 22, 14, 0, 0, 4, 0, 0, 0, 6, 6, 0, 6]
];
