output_file = "7-1-D-100-1.40-182.csv";

n_days = 100;
n_shelf_types = 2;
n_crops = 1;

num_shelves = [
    5, 2
];


crop_shelf_type_compatible = [
    [1, 1]
];

crop_growth_days = [44];

n_configurations = 5;

crop_growth_day_config = [
    [1, 1, 2, 2, 2, 2, 2, 2, 2, 2, 2, 2, 2, 2, 2, 2, 3, 3, 3, 3, 3, 3, 3, 3, 3, 3, 4, 4, 4, 4, 4, 4, 4, 4, 4, 5, 5, 5, 5, 5, 5, 5, 5, 5]
];

capacity = [
    [10, 10, 10, 10, 10],
[10, 10, 10, 10, 10]
];

demand = [
    [0, 0, 0, 0, 0, 0, 0, 0, 0, 0, 0, 0, 0, 0, 0, 0, 0, 0, 0, 0, 0, 0, 0, 0, 0, 0, 0, 0, 0, 0, 0, 0, 0, 0, 0, 0, 0, 0, 0, 0, 0, 0, 0, 0, 7, 5, 9, 11, 4, 2, 0, 0, 0, 0, 0, 1, 0, 0, 0, 0, 18, 11, 0, 0, 0, 0, 0, 12, 0, 1, 0, 0, 7, 0, 0, 7, 0, 0, 0, 0, 9, 0, 12, 0, 0, 0, 0, 11, 0, 0, 0, 0, 2, 0, 0, 0, 0, 0, 2, 0]
];
