output_file = "7-1-C-100-1.40-128.csv";

n_days = 100;
n_shelf_types = 2;
n_crops = 1;

num_shelves = [
    5, 2
];


crop_shelf_type_compatible = [
    [1, 1]
];

crop_growth_days = [15];

n_configurations = 2;

crop_growth_day_config = [
    [1, 1, 1, 2, 2, 2, 2, 2, 2, 2, 2, 2, 2, 2, 2]
];

capacity = [
    [12, 12],
[12, 12]
];

demand = [
    [0, 0, 0, 0, 0, 0, 0, 0, 0, 0, 0, 0, 0, 0, 0, 0, 9, 0, 0, 0, 0, 19, 0, 0, 0, 0, 0, 0, 0, 0, 11, 0, 0, 16, 0, 9, 0, 0, 0, 49, 0, 8, 0, 0, 0, 0, 42, 0, 0, 0, 0, 0, 0, 47, 0, 0, 14, 19, 0, 0, 0, 0, 7, 0, 0, 0, 0, 37, 15, 7, 0, 0, 23, 0, 30, 0, 0, 0, 0, 21, 0, 0, 32, 0, 0, 0, 0, 0, 0, 0, 12, 0, 11, 0, 19, 36, 0, 0, 12, 0]
];


missed_demand_penalty = [
    [0, 0, 0, 0, 0, 0, 0, 0, 0, 0, 0, 0, 0, 0, 0, 0, 1, 0, 0, 0, 0, 1, 0, 0, 0, 0, 0, 0, 0, 0, 1, 0, 0, 1, 0, 1, 0, 0, 0, 1, 0, 1, 0, 0, 0, 0, 1, 0, 0, 0, 0, 0, 0, 1, 0, 0, 1, 1, 0, 0, 0, 0, 1, 0, 0, 0, 0, 1, 1, 1, 0, 0, 1, 0, 1, 0, 0, 0, 0, 1, 0, 0, 1, 0, 0, 0, 0, 0, 0, 0, 1, 0, 1, 0, 1, 1, 0, 0, 1, 0]
];