output_file = "7-1-B-100-1.60-75.csv";

n_days = 100;
n_shelves = 7;
n_crops = 1;

crop_shelf_compatible = [
    [1, 1, 1, 1, 1, 1, 1]
];

crop_growth_days = [15];

n_configurations = 2;

crop_growth_day_config = [
    [1, 1, 1, 2, 2, 2, 2, 2, 2, 2, 2, 2, 2, 2, 2]
];

capacity = [
    [12, 12],
[12, 12],
[12, 12],
[12, 12],
[12, 12],
[12, 12],
[12, 12]
];

demand = [
    [0, 0, 0, 0, 0, 0, 0, 0, 0, 0, 0, 0, 0, 0, 0, 0, 0, 6, 0, 9, 0, 6, 6, 0, 17, 0, 0, 0, 3, 3, 0, 0, 0, 4, 1, 0, 0, 0, 9, 0, 6, 0, 0, 0, 0, 0, 0, 0, 0, 6, 0, 0, 8, 0, 0, 4, 0, 0, 3, 16, 0, 0, 0, 0, 8, 0, 0, 16, 0, 0, 0, 0, 8, 0, 0, 0, 0, 0, 0, 0, 0, 0, 12, 4, 0, 3, 0, 14, 11, 0, 0, 0, 0, 0, 12, 0, 0, 0, 0, 3]
];
