output_file = "7-1-E-60-2.00-203.csv";

n_days = 60;
n_shelves = 7;
n_crops = 1;

crop_shelf_compatible = [
    [1, 1, 1, 1, 1, 1, 1]
];

crop_growth_days = [35];

n_configurations = 4;

crop_growth_day_config = [
    [1, 1, 1, 1, 1, 1, 1, 2, 2, 2, 2, 2, 2, 2, 2, 2, 2, 3, 3, 3, 3, 3, 3, 3, 3, 3, 3, 3, 3, 3, 3, 4, 4, 4, 4]
];

capacity = [
    [12, 12, 12, 12],
[12, 12, 12, 12],
[12, 12, 12, 12],
[12, 12, 12, 12],
[12, 12, 12, 12],
[12, 12, 12, 12],
[12, 12, 12, 12]
];

demand = [
    [0, 0, 0, 0, 0, 0, 0, 0, 0, 0, 0, 0, 0, 0, 0, 0, 0, 0, 0, 0, 0, 0, 0, 0, 0, 0, 0, 0, 0, 0, 0, 0, 0, 0, 0, 0, 8, 0, 16, 0, 6, 6, 8, 6, 0, 0, 0, 0, 0, 8, 0, 8, 0, 0, 0, 0, 4, 10, 12, 0]
];
