output_file = "7-1-B-80-1.80-58.csv";

n_days = 80;
n_shelf_types = 2;
n_crops = 1;

num_shelves = [
    5, 2
];


crop_shelf_type_compatible = [
    [1, 1]
];

crop_growth_days = [15];

n_configurations = 2;

crop_growth_day_config = [
    [1, 1, 1, 2, 2, 2, 2, 2, 2, 2, 2, 2, 2, 2, 2]
];

capacity = [
    [12, 12],
[12, 12]
];

demand = [
    [0, 0, 0, 0, 0, 0, 0, 0, 0, 0, 0, 0, 0, 0, 0, 25, 28, 0, 0, 0, 0, 0, 21, 27, 0, 0, 0, 10, 23, 25, 16, 0, 50, 0, 9, 0, 0, 0, 0, 0, 30, 0, 14, 0, 0, 0, 0, 25, 0, 0, 0, 0, 25, 0, 45, 0, 19, 25, 16, 21, 57, 0, 10, 10, 0, 0, 0, 37, 46, 0, 0, 0, 0, 0, 0, 0, 14, 0, 23, 30]
];


missed_demand_penalty = [
    [0, 0, 0, 0, 0, 0, 0, 0, 0, 0, 0, 0, 0, 0, 0, 1, 1, 0, 0, 0, 0, 0, 1, 1, 0, 0, 0, 1, 1, 1, 1, 0, 1, 0, 1, 0, 0, 0, 0, 0, 1, 0, 1, 0, 0, 0, 0, 1, 0, 0, 0, 0, 1, 0, 1, 0, 1, 1, 1, 1, 1, 0, 1, 1, 0, 0, 0, 1, 1, 0, 0, 0, 0, 0, 0, 0, 1, 0, 1, 1]
];