output_file = "7-1-B-60-1.40-38.csv";

n_days = 60;
n_shelves = 7;
n_crops = 1;

crop_shelf_compatible = [
    [1, 1, 1, 1, 1, 1, 1]
];

crop_growth_days = [15];

n_configurations = 2;

crop_growth_day_config = [
    [1, 1, 1, 2, 2, 2, 2, 2, 2, 2, 2, 2, 2, 2, 2]
];

capacity = [
    [12, 12],
[12, 12],
[12, 12],
[12, 12],
[12, 12],
[12, 12],
[12, 12]
];

demand = [
    [0, 0, 0, 0, 0, 0, 0, 0, 0, 0, 0, 0, 0, 0, 0, 2, 7, 0, 0, 0, 1, 0, 0, 0, 7, 15, 0, 0, 0, 0, 5, 11, 5, 12, 0, 0, 4, 0, 0, 0, 0, 0, 0, 7, 0, 0, 14, 0, 2, 0, 0, 0, 0, 15, 5, 0, 0, 2, 5, 0]
];
