output_file = "7-1-B-100-1.00-72.csv";

n_days = 100;
n_shelf_types = 2;
n_crops = 1;

num_shelves = [
    5, 2
];


crop_shelf_type_compatible = [
    [1, 1]
];

crop_growth_days = [15];

n_configurations = 2;

crop_growth_day_config = [
    [1, 1, 1, 2, 2, 2, 2, 2, 2, 2, 2, 2, 2, 2, 2]
];

capacity = [
    [12, 12],
[12, 12]
];

demand = [
    [0, 0, 0, 0, 0, 0, 0, 0, 0, 0, 0, 0, 0, 0, 0, 0, 0, 29, 22, 20, 4, 7, 0, 0, 0, 32, 13, 0, 0, 7, 16, 0, 16, 0, 9, 0, 13, 14, 22, 0, 0, 6, 0, 16, 18, 15, 35, 0, 0, 8, 0, 10, 0, 32, 0, 0, 8, 12, 0, 28, 22, 0, 0, 0, 7, 9, 23, 0, 0, 0, 0, 13, 12, 0, 0, 22, 0, 6, 0, 0, 0, 0, 0, 7, 0, 0, 0, 0, 21, 14, 5, 0, 0, 0, 21, 23, 22, 0, 0, 0]
];


missed_demand_penalty = [
    [0, 0, 0, 0, 0, 0, 0, 0, 0, 0, 0, 0, 0, 0, 0, 0, 0, 1, 1, 1, 1, 1, 0, 0, 0, 1, 1, 0, 0, 1, 1, 0, 1, 0, 1, 0, 1, 1, 1, 0, 0, 1, 0, 1, 1, 1, 1, 0, 0, 1, 0, 1, 0, 1, 0, 0, 1, 1, 0, 1, 1, 0, 0, 0, 1, 1, 1, 0, 0, 0, 0, 1, 1, 0, 0, 1, 0, 1, 0, 0, 0, 0, 0, 1, 0, 0, 0, 0, 1, 1, 1, 0, 0, 0, 1, 1, 1, 0, 0, 0]
];