output_file = "7-1-F-100-1.40-290.csv";

n_days = 100;
n_shelf_types = 2;
n_crops = 1;

num_shelves = [
    5, 2
];


crop_shelf_type_compatible = [
    [1, 1]
];

crop_growth_days = [35];

n_configurations = 4;

crop_growth_day_config = [
    [1, 1, 1, 1, 1, 1, 1, 2, 2, 2, 2, 2, 2, 2, 2, 2, 2, 3, 3, 3, 3, 3, 3, 3, 3, 3, 3, 3, 3, 3, 3, 4, 4, 4, 4]
];

capacity = [
    [12, 12, 10, 10],
[12, 12, 10, 10]
];

demand = [
    [0, 0, 0, 0, 0, 0, 0, 0, 0, 0, 0, 0, 0, 0, 0, 0, 0, 0, 0, 0, 0, 0, 0, 0, 0, 0, 0, 0, 0, 0, 0, 0, 0, 0, 0, 0, 21, 0, 0, 0, 18, 0, 9, 22, 0, 0, 0, 19, 0, 0, 14, 0, 28, 0, 15, 0, 0, 0, 0, 0, 36, 0, 0, 0, 0, 0, 23, 0, 36, 0, 12, 11, 0, 22, 47, 0, 5, 0, 0, 0, 19, 0, 19, 12, 0, 0, 11, 0, 29, 0, 0, 0, 0, 0, 0, 37, 0, 11, 9, 0]
];


missed_demand_penalty = [
    [0, 0, 0, 0, 0, 0, 0, 0, 0, 0, 0, 0, 0, 0, 0, 0, 0, 0, 0, 0, 0, 0, 0, 0, 0, 0, 0, 0, 0, 0, 0, 0, 0, 0, 0, 0, 1, 0, 0, 0, 1, 0, 1, 1, 0, 0, 0, 1, 0, 0, 1, 0, 1, 0, 1, 0, 0, 0, 0, 0, 1, 0, 0, 0, 0, 0, 1, 0, 1, 0, 1, 1, 0, 1, 1, 0, 1, 0, 0, 0, 1, 0, 1, 1, 0, 0, 1, 0, 1, 0, 0, 0, 0, 0, 0, 1, 0, 1, 1, 0]
];