output_file = "7-1-C-80-1.20-109.csv";

n_days = 80;
n_shelf_types = 2;
n_crops = 1;

num_shelves = [
    5, 2
];


crop_shelf_type_compatible = [
    [1, 1]
];

crop_growth_days = [15];

n_configurations = 2;

crop_growth_day_config = [
    [1, 1, 1, 2, 2, 2, 2, 2, 2, 2, 2, 2, 2, 2, 2]
];

capacity = [
    [12, 12],
[12, 12]
];

demand = [
    [0, 0, 0, 0, 0, 0, 0, 0, 0, 0, 0, 0, 0, 0, 0, 0, 19, 24, 0, 0, 0, 0, 18, 12, 20, 0, 0, 10, 16, 0, 0, 0, 0, 22, 9, 8, 10, 12, 31, 0, 19, 0, 0, 0, 19, 0, 0, 0, 0, 18, 16, 0, 22, 22, 0, 0, 0, 15, 0, 0, 30, 0, 4, 16, 12, 21, 0, 0, 0, 0, 0, 9, 0, 0, 0, 0, 0, 0, 18, 0]
];


missed_demand_penalty = [
    [0, 0, 0, 0, 0, 0, 0, 0, 0, 0, 0, 0, 0, 0, 0, 0, 1, 1, 0, 0, 0, 0, 1, 1, 1, 0, 0, 1, 1, 0, 0, 0, 0, 1, 1, 1, 1, 1, 1, 0, 1, 0, 0, 0, 1, 0, 0, 0, 0, 1, 1, 0, 1, 1, 0, 0, 0, 1, 0, 0, 1, 0, 1, 1, 1, 1, 0, 0, 0, 0, 0, 1, 0, 0, 0, 0, 0, 0, 1, 0]
];