output_file = "7-1-B-100-1.40-74.csv";

n_days = 100;
n_shelf_types = 2;
n_crops = 1;

num_shelves = [
    5, 2
];


crop_shelf_type_compatible = [
    [1, 1]
];

crop_growth_days = [15];

n_configurations = 2;

crop_growth_day_config = [
    [1, 1, 1, 2, 2, 2, 2, 2, 2, 2, 2, 2, 2, 2, 2]
];

capacity = [
    [12, 12],
[12, 12]
];

demand = [
    [0, 0, 0, 0, 0, 0, 0, 0, 0, 0, 0, 0, 0, 0, 0, 0, 0, 0, 30, 0, 9, 9, 14, 0, 42, 0, 0, 0, 21, 0, 0, 37, 0, 0, 0, 0, 0, 0, 0, 21, 0, 0, 0, 15, 0, 0, 0, 22, 0, 0, 0, 16, 0, 0, 0, 8, 8, 18, 0, 0, 39, 23, 0, 11, 0, 0, 0, 35, 0, 11, 21, 0, 11, 26, 40, 14, 12, 8, 19, 0, 39, 0, 16, 0, 0, 0, 16, 0, 0, 33, 5, 12, 0, 16, 30, 32, 0, 0, 16, 0]
];


missed_demand_penalty = [
    [0, 0, 0, 0, 0, 0, 0, 0, 0, 0, 0, 0, 0, 0, 0, 0, 0, 0, 1, 0, 1, 1, 1, 0, 1, 0, 0, 0, 1, 0, 0, 1, 0, 0, 0, 0, 0, 0, 0, 1, 0, 0, 0, 1, 0, 0, 0, 1, 0, 0, 0, 1, 0, 0, 0, 1, 1, 1, 0, 0, 1, 1, 0, 1, 0, 0, 0, 1, 0, 1, 1, 0, 1, 1, 1, 1, 1, 1, 1, 0, 1, 0, 1, 0, 0, 0, 1, 0, 0, 1, 1, 1, 0, 1, 1, 1, 0, 0, 1, 0]
];