output_file = "7-1-B-100-1.60-75.csv";

n_days = 100;
n_shelf_types = 2;
n_crops = 1;

num_shelves = [
    5, 2
];


crop_shelf_type_compatible = [
    [1, 1]
];

crop_growth_days = [15];

n_configurations = 2;

crop_growth_day_config = [
    [1, 1, 1, 2, 2, 2, 2, 2, 2, 2, 2, 2, 2, 2, 2]
];

capacity = [
    [12, 12],
[12, 12]
];

demand = [
    [0, 0, 0, 0, 0, 0, 0, 0, 0, 0, 0, 0, 0, 0, 0, 0, 0, 0, 0, 0, 0, 0, 0, 0, 6, 19, 0, 0, 8, 8, 4, 11, 0, 6, 0, 6, 0, 6, 17, 0, 12, 0, 4, 0, 0, 16, 0, 0, 0, 0, 0, 0, 14, 0, 0, 0, 0, 0, 6, 0, 0, 0, 0, 6, 0, 0, 6, 0, 0, 0, 6, 6, 0, 0, 0, 0, 0, 0, 4, 0, 9, 17, 11, 0, 4, 0, 8, 0, 0, 0, 0, 0, 0, 0, 0, 8, 0, 4, 3, 4]
];
