output_file = "7-1-B-100-2.00-77.csv";

n_days = 100;
n_shelf_types = 2;
n_crops = 1;

num_shelves = [
    5, 2
];


crop_shelf_type_compatible = [
    [1, 1]
];

crop_growth_days = [15];

n_configurations = 2;

crop_growth_day_config = [
    [1, 1, 1, 2, 2, 2, 2, 2, 2, 2, 2, 2, 2, 2, 2]
];

capacity = [
    [12, 12],
[12, 12]
];

demand = [
    [0, 0, 0, 0, 0, 0, 0, 0, 0, 0, 0, 0, 0, 0, 0, 0, 34, 0, 0, 48, 0, 0, 0, 32, 34, 0, 28, 0, 0, 0, 0, 0, 0, 48, 12, 0, 18, 0, 0, 50, 36, 0, 20, 22, 0, 38, 72, 34, 0, 30, 0, 32, 62, 0, 0, 0, 12, 24, 34, 58, 0, 0, 18, 0, 0, 20, 0, 38, 0, 20, 0, 0, 24, 0, 34, 0, 0, 0, 32, 16, 0, 0, 0, 0, 24, 18, 0, 0, 66, 0, 0, 16, 18, 0, 28, 0, 0, 0, 0, 20]
];


missed_demand_penalty = [
    [0, 0, 0, 0, 0, 0, 0, 0, 0, 0, 0, 0, 0, 0, 0, 0, 1, 0, 0, 1, 0, 0, 0, 1, 1, 0, 1, 0, 0, 0, 0, 0, 0, 1, 1, 0, 1, 0, 0, 1, 1, 0, 1, 1, 0, 1, 1, 1, 0, 1, 0, 1, 1, 0, 0, 0, 1, 1, 1, 1, 0, 0, 1, 0, 0, 1, 0, 1, 0, 1, 0, 0, 1, 0, 1, 0, 0, 0, 1, 1, 0, 0, 0, 0, 1, 1, 0, 0, 1, 0, 0, 1, 1, 0, 1, 0, 0, 0, 0, 1]
];