output_file = "7-1-C-80-1.80-112.csv";

n_days = 80;
n_shelves = 7;
n_crops = 1;

crop_shelf_compatible = [
    [1, 1, 1, 1, 1, 1, 1]
];

crop_growth_days = [15];

n_configurations = 2;

crop_growth_day_config = [
    [1, 1, 1, 2, 2, 2, 2, 2, 2, 2, 2, 2, 2, 2, 2]
];

capacity = [
    [12, 12],
[12, 12],
[12, 12],
[12, 12],
[12, 12],
[12, 12],
[12, 12]
];

demand = [
    [0, 0, 0, 0, 0, 0, 0, 0, 0, 0, 0, 0, 0, 0, 0, 0, 10, 0, 14, 16, 0, 0, 0, 0, 0, 0, 0, 0, 0, 0, 0, 0, 21, 0, 3, 0, 7, 0, 7, 12, 0, 0, 0, 0, 0, 0, 0, 9, 3, 7, 0, 0, 0, 0, 0, 0, 0, 3, 0, 14, 0, 0, 0, 0, 0, 3, 12, 18, 12, 0, 0, 0, 0, 0, 21, 9, 0, 0, 0, 10]
];
