output_file = "7-1-C-100-1.00-126.csv";

n_days = 100;
n_shelves = 7;
n_crops = 1;

crop_shelf_compatible = [
    [1, 1, 1, 1, 1, 1, 1]
];

crop_growth_days = [15];

n_configurations = 2;

crop_growth_day_config = [
    [1, 1, 1, 2, 2, 2, 2, 2, 2, 2, 2, 2, 2, 2, 2]
];

capacity = [
    [12, 12],
[12, 12],
[12, 12],
[12, 12],
[12, 12],
[12, 12],
[12, 12]
];

demand = [
    [0, 0, 0, 0, 0, 0, 0, 0, 0, 0, 0, 0, 0, 0, 0, 0, 0, 0, 0, 0, 2, 2, 0, 0, 6, 0, 0, 1, 0, 5, 0, 0, 0, 0, 0, 0, 3, 0, 0, 11, 3, 0, 0, 0, 0, 0, 0, 5, 0, 0, 2, 0, 0, 12, 4, 3, 0, 0, 0, 0, 12, 0, 1, 5, 0, 3, 10, 6, 7, 1, 0, 0, 0, 0, 0, 0, 2, 5, 3, 0, 0, 11, 4, 1, 0, 0, 0, 0, 0, 0, 0, 0, 0, 0, 0, 4, 4, 3, 2, 0]
];
