output_file = "7-1-F-100-2.00-293.csv";

n_days = 100;
n_shelf_types = 2;
n_crops = 1;

num_shelves = [
    5, 2
];


crop_shelf_type_compatible = [
    [1, 1]
];

crop_growth_days = [35];

n_configurations = 4;

crop_growth_day_config = [
    [1, 1, 1, 1, 1, 1, 1, 2, 2, 2, 2, 2, 2, 2, 2, 2, 2, 3, 3, 3, 3, 3, 3, 3, 3, 3, 3, 3, 3, 3, 3, 4, 4, 4, 4]
];

capacity = [
    [12, 12, 10, 10],
[12, 12, 10, 10]
];

demand = [
    [0, 0, 0, 0, 0, 0, 0, 0, 0, 0, 0, 0, 0, 0, 0, 0, 0, 0, 0, 0, 0, 0, 0, 0, 0, 0, 0, 0, 0, 0, 0, 0, 0, 0, 0, 0, 10, 0, 0, 0, 0, 6, 0, 0, 0, 14, 10, 12, 0, 0, 0, 0, 0, 8, 0, 0, 6, 6, 0, 0, 0, 12, 6, 0, 10, 0, 0, 0, 0, 0, 0, 10, 0, 18, 10, 0, 0, 0, 0, 0, 0, 14, 10, 0, 0, 0, 0, 0, 22, 0, 0, 0, 0, 0, 14, 0, 0, 0, 4, 0]
];
