output_file = "7-1-C-100-1.20-127.csv";

n_days = 100;
n_shelf_types = 2;
n_crops = 1;

num_shelves = [
    5, 2
];


crop_shelf_type_compatible = [
    [1, 1]
];

crop_growth_days = [15];

n_configurations = 2;

crop_growth_day_config = [
    [1, 1, 1, 2, 2, 2, 2, 2, 2, 2, 2, 2, 2, 2, 2]
];

capacity = [
    [12, 12],
[12, 12]
];

demand = [
    [0, 0, 0, 0, 0, 0, 0, 0, 0, 0, 0, 0, 0, 0, 0, 0, 0, 0, 0, 0, 0, 2, 0, 0, 0, 13, 0, 0, 0, 0, 7, 7, 0, 0, 0, 0, 4, 3, 4, 0, 0, 3, 0, 0, 0, 0, 0, 0, 0, 2, 0, 0, 12, 0, 9, 1, 0, 2, 0, 0, 0, 4, 1, 6, 0, 0, 0, 0, 0, 0, 3, 0, 0, 0, 0, 0, 0, 6, 6, 0, 13, 7, 0, 0, 0, 0, 0, 0, 0, 0, 0, 4, 3, 0, 4, 0, 0, 0, 0, 0]
];
