output_file = "7-1-C-100-1.60-129.csv";

n_days = 100;
n_shelf_types = 2;
n_crops = 1;

num_shelves = [
    5, 2
];


crop_shelf_type_compatible = [
    [1, 1]
];

crop_growth_days = [15];

n_configurations = 2;

crop_growth_day_config = [
    [1, 1, 1, 2, 2, 2, 2, 2, 2, 2, 2, 2, 2, 2, 2]
];

capacity = [
    [12, 12],
[12, 12]
];

demand = [
    [0, 0, 0, 0, 0, 0, 0, 0, 0, 0, 0, 0, 0, 0, 0, 0, 0, 20, 52, 38, 12, 0, 0, 12, 19, 0, 19, 14, 14, 20, 20, 0, 33, 0, 0, 0, 20, 0, 0, 0, 35, 0, 0, 0, 14, 0, 54, 33, 9, 0, 22, 22, 48, 24, 25, 9, 0, 0, 27, 46, 0, 28, 11, 0, 0, 20, 0, 0, 36, 0, 0, 0, 0, 33, 0, 36, 8, 0, 11, 0, 30, 27, 0, 0, 0, 0, 0, 0, 56, 0, 0, 11, 17, 0, 0, 0, 40, 11, 0, 0]
];


missed_demand_penalty = [
    [0, 0, 0, 0, 0, 0, 0, 0, 0, 0, 0, 0, 0, 0, 0, 0, 0, 1, 1, 1, 1, 0, 0, 1, 1, 0, 1, 1, 1, 1, 1, 0, 1, 0, 0, 0, 1, 0, 0, 0, 1, 0, 0, 0, 1, 0, 1, 1, 1, 0, 1, 1, 1, 1, 1, 1, 0, 0, 1, 1, 0, 1, 1, 0, 0, 1, 0, 0, 1, 0, 0, 0, 0, 1, 0, 1, 1, 0, 1, 0, 1, 1, 0, 0, 0, 0, 0, 0, 1, 0, 0, 1, 1, 0, 0, 0, 1, 1, 0, 0]
];