output_file = "7-2-BC-100-1.60-525.csv";

n_days = 100;
n_shelf_types = 2;
n_crops = 2;

num_shelves = [
    5, 2
];


crop_shelf_type_compatible = [
    [1, 1],
[1, 1]
];

crop_growth_days = [15, 15];

n_configurations = 3;

crop_growth_day_config = [
    [1, 1, 1, 2, 2, 2, 2, 2, 2, 2, 2, 2, 2, 2, 2],
[1, 1, 1, 3, 3, 3, 3, 3, 3, 3, 3, 3, 3, 3, 3]
];

capacity = [
    [12, 12, 12],
[12, 12, 12]
];

demand = [
    [0, 0, 0, 0, 0, 0, 0, 0, 0, 0, 0, 0, 0, 0, 0, 0, 0, 17, 0, 0, 6, 9, 0, 0, 0, 28, 0, 0, 0, 0, 0, 0, 0, 11, 0, 9, 0, 9, 17, 19, 0, 3, 0, 9, 0, 0, 0, 0, 4, 0, 8, 9, 0, 0, 9, 3, 0, 0, 0, 0, 0, 16, 6, 0, 0, 0, 0, 0, 17, 4, 0, 0, 9, 0, 0, 0, 0, 11, 0, 0, 0, 20, 0, 0, 0, 8, 0, 0, 0, 19, 8, 0, 8, 0, 16, 0, 0, 0, 8, 0],
[0, 0, 0, 0, 0, 0, 0, 0, 0, 0, 0, 0, 0, 0, 0, 0, 12, 17, 20, 0, 4, 0, 6, 0, 9, 16, 0, 4, 0, 0, 12, 0, 0, 12, 3, 11, 0, 0, 0, 0, 0, 6, 0, 0, 6, 0, 14, 0, 0, 0, 8, 8, 9, 17, 0, 0, 0, 0, 0, 0, 0, 0, 6, 8, 0, 6, 19, 20, 0, 0, 0, 0, 9, 20, 0, 0, 3, 6, 0, 6, 0, 0, 8, 0, 0, 0, 0, 0, 0, 11, 0, 0, 12, 0, 0, 0, 0, 3, 0, 0]
];


missed_demand_penalty = [
    [0, 0, 0, 0, 0, 0, 0, 0, 0, 0, 0, 0, 0, 0, 0, 0, 0, 1, 0, 0, 1, 1, 0, 0, 0, 1, 0, 0, 0, 0, 0, 0, 0, 1, 0, 1, 0, 1, 1, 1, 0, 1, 0, 1, 0, 0, 0, 0, 1, 0, 1, 1, 0, 0, 1, 1, 0, 0, 0, 0, 0, 1, 1, 0, 0, 0, 0, 0, 1, 1, 0, 0, 1, 0, 0, 0, 0, 1, 0, 0, 0, 1, 0, 0, 0, 1, 0, 0, 0, 1, 1, 0, 1, 0, 1, 0, 0, 0, 1, 0],
[0, 0, 0, 0, 0, 0, 0, 0, 0, 0, 0, 0, 0, 0, 0, 0, 1, 1, 1, 0, 1, 0, 1, 0, 1, 1, 0, 1, 0, 0, 1, 0, 0, 1, 1, 1, 0, 0, 0, 0, 0, 1, 0, 0, 1, 0, 1, 0, 0, 0, 1, 1, 1, 1, 0, 0, 0, 0, 0, 0, 0, 0, 1, 1, 0, 1, 1, 1, 0, 0, 0, 0, 1, 1, 0, 0, 1, 1, 0, 1, 0, 0, 1, 0, 0, 0, 0, 0, 0, 1, 0, 0, 1, 0, 0, 0, 0, 1, 0, 0]
];