output_file = "7-2-BC-80-2.00-509.csv";

n_days = 80;
n_shelf_types = 2;
n_crops = 2;

num_shelves = [
    5, 2
];


crop_shelf_type_compatible = [
    [1, 1],
[1, 1]
];

crop_growth_days = [15, 15];

n_configurations = 3;

crop_growth_day_config = [
    [1, 1, 1, 2, 2, 2, 2, 2, 2, 2, 2, 2, 2, 2, 2],
[1, 1, 1, 3, 3, 3, 3, 3, 3, 3, 3, 3, 3, 3, 3]
];

capacity = [
    [12, 12, 12],
[12, 12, 12]
];

demand = [
    [0, 0, 0, 0, 0, 0, 0, 0, 0, 0, 0, 0, 0, 0, 0, 12, 0, 22, 0, 22, 4, 12, 14, 12, 0, 18, 0, 8, 0, 0, 16, 14, 0, 0, 8, 12, 0, 0, 0, 0, 0, 4, 0, 0, 16, 0, 0, 22, 0, 0, 0, 0, 22, 0, 0, 0, 0, 0, 0, 0, 20, 0, 0, 12, 6, 0, 0, 24, 18, 0, 10, 6, 10, 0, 0, 10, 6, 12, 0, 0],
[0, 0, 0, 0, 0, 0, 0, 0, 0, 0, 0, 0, 0, 0, 0, 0, 10, 20, 0, 0, 0, 8, 0, 12, 0, 32, 0, 0, 0, 14, 6, 30, 0, 0, 0, 0, 12, 0, 0, 16, 0, 0, 0, 0, 0, 20, 0, 0, 0, 0, 0, 0, 18, 0, 0, 0, 12, 12, 16, 0, 0, 0, 8, 10, 0, 0, 0, 22, 0, 0, 0, 0, 0, 12, 0, 12, 0, 0, 0, 0]
];


missed_demand_penalty = [
    [0, 0, 0, 0, 0, 0, 0, 0, 0, 0, 0, 0, 0, 0, 0, 1, 0, 1, 0, 1, 1, 1, 1, 1, 0, 1, 0, 1, 0, 0, 1, 1, 0, 0, 1, 1, 0, 0, 0, 0, 0, 1, 0, 0, 1, 0, 0, 1, 0, 0, 0, 0, 1, 0, 0, 0, 0, 0, 0, 0, 1, 0, 0, 1, 1, 0, 0, 1, 1, 0, 1, 1, 1, 0, 0, 1, 1, 1, 0, 0],
[0, 0, 0, 0, 0, 0, 0, 0, 0, 0, 0, 0, 0, 0, 0, 0, 1, 1, 0, 0, 0, 1, 0, 1, 0, 1, 0, 0, 0, 1, 1, 1, 0, 0, 0, 0, 1, 0, 0, 1, 0, 0, 0, 0, 0, 1, 0, 0, 0, 0, 0, 0, 1, 0, 0, 0, 1, 1, 1, 0, 0, 0, 1, 1, 0, 0, 0, 1, 0, 0, 0, 0, 0, 1, 0, 1, 0, 0, 0, 0]
];