output_file = "7-2-BD-80-1.60-561.csv";

n_days = 80;
n_shelf_types = 2;
n_crops = 2;

num_shelves = [
    5, 2
];


crop_shelf_type_compatible = [
    [1, 1],
[1, 1]
];

crop_growth_days = [15, 44];

n_configurations = 7;

crop_growth_day_config = [
    [1, 1, 1, 2, 2, 2, 2, 2, 2, 2, 2, 2, 2, 2, 2, -1, -1, -1, -1, -1, -1, -1, -1, -1, -1, -1, -1, -1, -1, -1, -1, -1, -1, -1, -1, -1, -1, -1, -1, -1, -1, -1, -1, -1],
[3, 3, 4, 4, 4, 4, 4, 4, 4, 4, 4, 4, 4, 4, 4, 4, 5, 5, 5, 5, 5, 5, 5, 5, 5, 5, 6, 6, 6, 6, 6, 6, 6, 6, 6, 7, 7, 7, 7, 7, 7, 7, 7, 7]
];

capacity = [
    [12, 12, 10, 10, 10, 10, 10],
[12, 12, 10, 10, 10, 10, 10]
];

demand = [
    [0, 0, 0, 0, 0, 0, 0, 0, 0, 0, 0, 0, 0, 0, 0, 0, 4, 0, 20, 17, 0, 0, 0, 0, 17, 25, 0, 0, 11, 9, 9, 16, 27, 8, 0, 0, 0, 0, 24, 0, 0, 0, 0, 9, 6, 0, 14, 19, 0, 0, 0, 0, 22, 0, 9, 0, 0, 0, 0, 0, 0, 0, 0, 0, 9, 6, 22, 0, 0, 6, 0, 11, 0, 0, 11, 0, 0, 0, 6, 6],
[0, 0, 0, 0, 0, 0, 0, 0, 0, 0, 0, 0, 0, 0, 0, 0, 0, 0, 0, 0, 0, 0, 0, 0, 0, 0, 0, 0, 0, 0, 0, 0, 0, 0, 0, 0, 0, 0, 0, 0, 0, 0, 0, 0, 11, 14, 19, 16, 8, 0, 9, 0, 20, 28, 19, 3, 8, 8, 4, 0, 0, 0, 0, 0, 0, 0, 0, 0, 0, 4, 0, 0, 6, 24, 16, 0, 0, 6, 11, 9]
];


missed_demand_penalty = [
    [0, 0, 0, 0, 0, 0, 0, 0, 0, 0, 0, 0, 0, 0, 0, 0, 1, 0, 1, 1, 0, 0, 0, 0, 1, 1, 0, 0, 1, 1, 1, 1, 1, 1, 0, 0, 0, 0, 1, 0, 0, 0, 0, 1, 1, 0, 1, 1, 0, 0, 0, 0, 1, 0, 1, 0, 0, 0, 0, 0, 0, 0, 0, 0, 1, 1, 1, 0, 0, 1, 0, 1, 0, 0, 1, 0, 0, 0, 1, 1],
[0, 0, 0, 0, 0, 0, 0, 0, 0, 0, 0, 0, 0, 0, 0, 0, 0, 0, 0, 0, 0, 0, 0, 0, 0, 0, 0, 0, 0, 0, 0, 0, 0, 0, 0, 0, 0, 0, 0, 0, 0, 0, 0, 0, 1, 1, 1, 1, 1, 0, 1, 0, 1, 1, 1, 1, 1, 1, 1, 0, 0, 0, 0, 0, 0, 0, 0, 0, 0, 1, 0, 0, 1, 1, 1, 0, 0, 1, 1, 1]
];