output_file = "7-2-DE-100-1.40-902.csv";

n_days = 100;
n_shelf_types = 2;
n_crops = 2;

num_shelves = [
    5, 2
];


crop_shelf_type_compatible = [
    [1, 1],
[1, 1]
];

crop_growth_days = [44, 35];

n_configurations = 9;

crop_growth_day_config = [
    [1, 1, 2, 2, 2, 2, 2, 2, 2, 2, 2, 2, 2, 2, 2, 2, 3, 3, 3, 3, 3, 3, 3, 3, 3, 3, 4, 4, 4, 4, 4, 4, 4, 4, 4, 5, 5, 5, 5, 5, 5, 5, 5, 5],
[6, 6, 6, 6, 6, 6, 6, 7, 7, 7, 7, 7, 7, 7, 7, 7, 7, 8, 8, 8, 8, 8, 8, 8, 8, 8, 8, 8, 8, 8, 8, 9, 9, 9, 9, -1, -1, -1, -1, -1, -1, -1, -1, -1]
];

capacity = [
    [10, 10, 10, 10, 10, 12, 12, 12, 12],
[10, 10, 10, 10, 10, 12, 12, 12, 12]
];

demand = [
    [0, 0, 0, 0, 0, 0, 0, 0, 0, 0, 0, 0, 0, 0, 0, 0, 0, 0, 0, 0, 0, 0, 0, 0, 0, 0, 0, 0, 0, 0, 0, 0, 0, 0, 0, 0, 0, 0, 0, 0, 0, 0, 0, 0, 0, 0, 0, 8, 0, 0, 4, 0, 0, 23, 8, 2, 0, 7, 0, 0, 0, 8, 2, 0, 0, 0, 18, 18, 8, 2, 0, 0, 0, 0, 0, 16, 0, 4, 7, 0, 0, 14, 8, 5, 0, 0, 8, 0, 0, 7, 0, 0, 0, 0, 0, 0, 0, 0, 9, 0],
[0, 0, 0, 0, 0, 0, 0, 0, 0, 0, 0, 0, 0, 0, 0, 0, 0, 0, 0, 0, 0, 0, 0, 0, 0, 0, 0, 0, 0, 0, 0, 0, 0, 0, 0, 0, 0, 0, 0, 0, 0, 0, 0, 0, 0, 0, 0, 7, 0, 0, 9, 0, 0, 0, 8, 4, 0, 0, 0, 11, 0, 0, 0, 8, 0, 0, 0, 23, 7, 0, 9, 0, 0, 0, 0, 9, 0, 9, 4, 0, 0, 21, 0, 0, 5, 9, 8, 0, 21, 0, 0, 5, 0, 7, 0, 16, 14, 0, 0, 4]
];


missed_demand_penalty = [
    [0, 0, 0, 0, 0, 0, 0, 0, 0, 0, 0, 0, 0, 0, 0, 0, 0, 0, 0, 0, 0, 0, 0, 0, 0, 0, 0, 0, 0, 0, 0, 0, 0, 0, 0, 0, 0, 0, 0, 0, 0, 0, 0, 0, 0, 0, 0, 1, 0, 0, 1, 0, 0, 1, 1, 1, 0, 1, 0, 0, 0, 1, 1, 0, 0, 0, 1, 1, 1, 1, 0, 0, 0, 0, 0, 1, 0, 1, 1, 0, 0, 1, 1, 1, 0, 0, 1, 0, 0, 1, 0, 0, 0, 0, 0, 0, 0, 0, 1, 0],
[0, 0, 0, 0, 0, 0, 0, 0, 0, 0, 0, 0, 0, 0, 0, 0, 0, 0, 0, 0, 0, 0, 0, 0, 0, 0, 0, 0, 0, 0, 0, 0, 0, 0, 0, 0, 0, 0, 0, 0, 0, 0, 0, 0, 0, 0, 0, 1, 0, 0, 1, 0, 0, 0, 1, 1, 0, 0, 0, 1, 0, 0, 0, 1, 0, 0, 0, 1, 1, 0, 1, 0, 0, 0, 0, 1, 0, 1, 1, 0, 0, 1, 0, 0, 1, 1, 1, 0, 1, 0, 0, 1, 0, 1, 0, 1, 1, 0, 0, 1]
];