output_file = "7-2-BC-100-1.00-522.csv";

n_days = 100;
n_shelf_types = 2;
n_crops = 2;

num_shelves = [
    5, 2
];


crop_shelf_type_compatible = [
    [1, 1],
[1, 1]
];

crop_growth_days = [15, 15];

n_configurations = 3;

crop_growth_day_config = [
    [1, 1, 1, 2, 2, 2, 2, 2, 2, 2, 2, 2, 2, 2, 2],
[1, 1, 1, 3, 3, 3, 3, 3, 3, 3, 3, 3, 3, 3, 3]
];

capacity = [
    [12, 12, 12],
[12, 12, 12]
];

demand = [
    [0, 0, 0, 0, 0, 0, 0, 0, 0, 0, 0, 0, 0, 0, 0, 5, 0, 0, 9, 0, 0, 0, 0, 0, 12, 7, 12, 0, 0, 0, 5, 10, 14, 0, 4, 0, 0, 9, 10, 11, 0, 0, 0, 5, 7, 0, 0, 9, 4, 0, 0, 7, 0, 0, 0, 0, 0, 0, 0, 0, 0, 9, 0, 3, 0, 0, 0, 0, 0, 0, 0, 0, 0, 0, 14, 0, 4, 5, 0, 9, 0, 0, 0, 0, 0, 5, 0, 0, 0, 12, 3, 0, 0, 0, 7, 0, 11, 0, 0, 5],
[0, 0, 0, 0, 0, 0, 0, 0, 0, 0, 0, 0, 0, 0, 0, 5, 0, 0, 0, 0, 3, 3, 0, 0, 11, 0, 12, 4, 0, 0, 0, 9, 0, 6, 4, 0, 6, 6, 6, 0, 11, 0, 6, 0, 4, 0, 0, 0, 3, 7, 0, 0, 0, 15, 0, 0, 4, 3, 0, 13, 8, 7, 0, 6, 0, 0, 0, 8, 0, 0, 0, 0, 9, 0, 15, 0, 0, 0, 7, 0, 6, 7, 11, 3, 0, 0, 8, 13, 12, 12, 2, 0, 0, 5, 0, 0, 12, 0, 0, 4]
];


missed_demand_penalty = [
    [0, 0, 0, 0, 0, 0, 0, 0, 0, 0, 0, 0, 0, 0, 0, 1, 0, 0, 1, 0, 0, 0, 0, 0, 1, 1, 1, 0, 0, 0, 1, 1, 1, 0, 1, 0, 0, 1, 1, 1, 0, 0, 0, 1, 1, 0, 0, 1, 1, 0, 0, 1, 0, 0, 0, 0, 0, 0, 0, 0, 0, 1, 0, 1, 0, 0, 0, 0, 0, 0, 0, 0, 0, 0, 1, 0, 1, 1, 0, 1, 0, 0, 0, 0, 0, 1, 0, 0, 0, 1, 1, 0, 0, 0, 1, 0, 1, 0, 0, 1],
[0, 0, 0, 0, 0, 0, 0, 0, 0, 0, 0, 0, 0, 0, 0, 1, 0, 0, 0, 0, 1, 1, 0, 0, 1, 0, 1, 1, 0, 0, 0, 1, 0, 1, 1, 0, 1, 1, 1, 0, 1, 0, 1, 0, 1, 0, 0, 0, 1, 1, 0, 0, 0, 1, 0, 0, 1, 1, 0, 1, 1, 1, 0, 1, 0, 0, 0, 1, 0, 0, 0, 0, 1, 0, 1, 0, 0, 0, 1, 0, 1, 1, 1, 1, 0, 0, 1, 1, 1, 1, 1, 0, 0, 1, 0, 0, 1, 0, 0, 1]
];