output_file = "7-3-BCF-80-1.40-1514.csv";

n_days = 80;
n_shelf_types = 2;
n_crops = 3;

num_shelves = [
    5, 2
];


crop_shelf_type_compatible = [
    [1, 1],
[1, 1],
[1, 1]
];

crop_growth_days = [15, 15, 35];

n_configurations = 6;

crop_growth_day_config = [
    [1, 1, 1, 2, 2, 2, 2, 2, 2, 2, 2, 2, 2, 2, 2, -1, -1, -1, -1, -1, -1, -1, -1, -1, -1, -1, -1, -1, -1, -1, -1, -1, -1, -1, -1],
[1, 1, 1, 3, 3, 3, 3, 3, 3, 3, 3, 3, 3, 3, 3, -1, -1, -1, -1, -1, -1, -1, -1, -1, -1, -1, -1, -1, -1, -1, -1, -1, -1, -1, -1],
[4, 4, 4, 4, 4, 4, 4, 1, 1, 1, 1, 1, 1, 1, 1, 1, 1, 5, 5, 5, 5, 5, 5, 5, 5, 5, 5, 5, 5, 5, 5, 6, 6, 6, 6]
];

capacity = [
    [12, 12, 12, 12, 10, 10],
[12, 12, 12, 12, 10, 10]
];

demand = [
    [0, 0, 0, 0, 0, 0, 0, 0, 0, 0, 0, 0, 0, 0, 0, 0, 0, 5, 7, 8, 0, 4, 0, 4, 0, 0, 0, 0, 0, 5, 5, 0, 0, 0, 0, 7, 0, 0, 0, 9, 7, 0, 0, 5, 5, 0, 0, 9, 4, 0, 7, 0, 0, 0, 7, 1, 0, 0, 2, 0, 0, 0, 2, 5, 0, 0, 11, 0, 0, 0, 7, 4, 0, 12, 0, 0, 0, 2, 0, 7],
[0, 0, 0, 0, 0, 0, 0, 0, 0, 0, 0, 0, 0, 0, 0, 4, 0, 7, 0, 5, 2, 0, 0, 4, 0, 0, 7, 0, 7, 0, 0, 0, 9, 0, 2, 0, 5, 2, 12, 8, 9, 0, 0, 0, 0, 8, 0, 0, 0, 0, 0, 0, 9, 0, 5, 2, 5, 0, 0, 0, 0, 11, 4, 0, 4, 7, 0, 15, 0, 0, 0, 2, 4, 12, 0, 7, 0, 0, 0, 4],
[0, 0, 0, 0, 0, 0, 0, 0, 0, 0, 0, 0, 0, 0, 0, 0, 0, 0, 0, 0, 0, 0, 0, 0, 0, 0, 0, 0, 0, 0, 0, 0, 0, 0, 0, 0, 4, 0, 5, 0, 0, 4, 0, 7, 0, 0, 0, 8, 0, 0, 0, 7, 0, 0, 0, 2, 0, 0, 7, 0, 12, 11, 0, 0, 4, 0, 0, 0, 0, 0, 0, 0, 0, 8, 0, 5, 0, 5, 0, 0]
];


missed_demand_penalty = [
    [0, 0, 0, 0, 0, 0, 0, 0, 0, 0, 0, 0, 0, 0, 0, 0, 0, 1, 1, 1, 0, 1, 0, 1, 0, 0, 0, 0, 0, 1, 1, 0, 0, 0, 0, 1, 0, 0, 0, 1, 1, 0, 0, 1, 1, 0, 0, 1, 1, 0, 1, 0, 0, 0, 1, 1, 0, 0, 1, 0, 0, 0, 1, 1, 0, 0, 1, 0, 0, 0, 1, 1, 0, 1, 0, 0, 0, 1, 0, 1],
[0, 0, 0, 0, 0, 0, 0, 0, 0, 0, 0, 0, 0, 0, 0, 1, 0, 1, 0, 1, 1, 0, 0, 1, 0, 0, 1, 0, 1, 0, 0, 0, 1, 0, 1, 0, 1, 1, 1, 1, 1, 0, 0, 0, 0, 1, 0, 0, 0, 0, 0, 0, 1, 0, 1, 1, 1, 0, 0, 0, 0, 1, 1, 0, 1, 1, 0, 1, 0, 0, 0, 1, 1, 1, 0, 1, 0, 0, 0, 1],
[0, 0, 0, 0, 0, 0, 0, 0, 0, 0, 0, 0, 0, 0, 0, 0, 0, 0, 0, 0, 0, 0, 0, 0, 0, 0, 0, 0, 0, 0, 0, 0, 0, 0, 0, 0, 1, 0, 1, 0, 0, 1, 0, 1, 0, 0, 0, 1, 0, 0, 0, 1, 0, 0, 0, 1, 0, 0, 1, 0, 1, 1, 0, 0, 1, 0, 0, 0, 0, 0, 0, 0, 0, 1, 0, 1, 0, 1, 0, 0]
];