output_file = "7-4-BCEF-100-2.00-2435.csv";

n_days = 100;
n_shelf_types = 2;
n_crops = 4;

num_shelves = [
    5, 2
];


crop_shelf_type_compatible = [
    [1, 1],
[1, 1],
[1, 1],
[1, 1]
];

crop_growth_days = [15, 15, 35, 35];

n_configurations = 10;

crop_growth_day_config = [
    [1, 1, 1, 2, 2, 2, 2, 2, 2, 2, 2, 2, 2, 2, 2, -1, -1, -1, -1, -1, -1, -1, -1, -1, -1, -1, -1, -1, -1, -1, -1, -1, -1, -1, -1],
[1, 1, 1, 3, 3, 3, 3, 3, 3, 3, 3, 3, 3, 3, 3, -1, -1, -1, -1, -1, -1, -1, -1, -1, -1, -1, -1, -1, -1, -1, -1, -1, -1, -1, -1],
[4, 4, 4, 4, 4, 4, 4, 5, 5, 5, 5, 5, 5, 5, 5, 5, 5, 6, 6, 6, 6, 6, 6, 6, 6, 6, 6, 6, 6, 6, 6, 7, 7, 7, 7],
[8, 8, 8, 8, 8, 8, 8, 1, 1, 1, 1, 1, 1, 1, 1, 1, 1, 9, 9, 9, 9, 9, 9, 9, 9, 9, 9, 9, 9, 9, 9, 10, 10, 10, 10]
];

capacity = [
    [12, 12, 12, 12, 12, 12, 12, 12, 10, 10],
[12, 12, 12, 12, 12, 12, 12, 12, 10, 10]
];

demand = [
    [0, 0, 0, 0, 0, 0, 0, 0, 0, 0, 0, 0, 0, 0, 0, 0, 0, 0, 10, 0, 0, 0, 4, 0, 0, 0, 0, 0, 6, 4, 0, 14, 0, 0, 0, 0, 0, 8, 0, 12, 0, 0, 4, 6, 0, 14, 10, 10, 0, 0, 4, 0, 0, 16, 0, 2, 0, 4, 8, 0, 8, 0, 0, 0, 0, 0, 0, 10, 6, 2, 0, 6, 0, 10, 10, 0, 2, 0, 0, 0, 0, 8, 12, 4, 2, 4, 4, 0, 0, 0, 0, 6, 6, 0, 10, 10, 0, 0, 0, 2],
[0, 0, 0, 0, 0, 0, 0, 0, 0, 0, 0, 0, 0, 0, 0, 4, 0, 8, 0, 0, 0, 0, 0, 4, 8, 0, 12, 2, 4, 0, 0, 10, 6, 6, 4, 2, 2, 4, 8, 0, 8, 0, 2, 0, 0, 0, 0, 0, 0, 2, 0, 0, 0, 8, 0, 2, 4, 0, 0, 8, 8, 8, 0, 4, 0, 0, 0, 12, 0, 2, 0, 2, 4, 0, 0, 0, 0, 4, 4, 4, 6, 0, 0, 0, 0, 0, 0, 10, 14, 6, 0, 0, 0, 0, 0, 0, 8, 0, 0, 0],
[0, 0, 0, 0, 0, 0, 0, 0, 0, 0, 0, 0, 0, 0, 0, 0, 0, 0, 0, 0, 0, 0, 0, 0, 0, 0, 0, 0, 0, 0, 0, 0, 0, 0, 0, 6, 6, 4, 14, 0, 0, 0, 0, 0, 8, 12, 0, 12, 0, 4, 4, 0, 0, 18, 4, 0, 6, 0, 0, 0, 8, 4, 0, 6, 6, 0, 0, 6, 0, 2, 0, 0, 0, 0, 12, 12, 4, 0, 0, 4, 0, 12, 0, 0, 0, 0, 0, 0, 12, 0, 4, 2, 0, 0, 0, 10, 0, 0, 0, 0],
[0, 0, 0, 0, 0, 0, 0, 0, 0, 0, 0, 0, 0, 0, 0, 0, 0, 0, 0, 0, 0, 0, 0, 0, 0, 0, 0, 0, 0, 0, 0, 0, 0, 0, 0, 4, 4, 6, 0, 0, 4, 4, 0, 0, 4, 14, 6, 8, 4, 6, 6, 6, 0, 0, 6, 2, 6, 0, 4, 8, 8, 0, 2, 0, 8, 4, 0, 0, 0, 2, 0, 0, 0, 12, 0, 10, 0, 0, 0, 0, 0, 14, 10, 0, 6, 4, 0, 0, 12, 0, 0, 0, 0, 4, 8, 0, 6, 0, 0, 2]
];


missed_demand_penalty = [
    [0, 0, 0, 0, 0, 0, 0, 0, 0, 0, 0, 0, 0, 0, 0, 0, 0, 0, 1, 0, 0, 0, 1, 0, 0, 0, 0, 0, 1, 1, 0, 1, 0, 0, 0, 0, 0, 1, 0, 1, 0, 0, 1, 1, 0, 1, 1, 1, 0, 0, 1, 0, 0, 1, 0, 1, 0, 1, 1, 0, 1, 0, 0, 0, 0, 0, 0, 1, 1, 1, 0, 1, 0, 1, 1, 0, 1, 0, 0, 0, 0, 1, 1, 1, 1, 1, 1, 0, 0, 0, 0, 1, 1, 0, 1, 1, 0, 0, 0, 1],
[0, 0, 0, 0, 0, 0, 0, 0, 0, 0, 0, 0, 0, 0, 0, 1, 0, 1, 0, 0, 0, 0, 0, 1, 1, 0, 1, 1, 1, 0, 0, 1, 1, 1, 1, 1, 1, 1, 1, 0, 1, 0, 1, 0, 0, 0, 0, 0, 0, 1, 0, 0, 0, 1, 0, 1, 1, 0, 0, 1, 1, 1, 0, 1, 0, 0, 0, 1, 0, 1, 0, 1, 1, 0, 0, 0, 0, 1, 1, 1, 1, 0, 0, 0, 0, 0, 0, 1, 1, 1, 0, 0, 0, 0, 0, 0, 1, 0, 0, 0],
[0, 0, 0, 0, 0, 0, 0, 0, 0, 0, 0, 0, 0, 0, 0, 0, 0, 0, 0, 0, 0, 0, 0, 0, 0, 0, 0, 0, 0, 0, 0, 0, 0, 0, 0, 1, 1, 1, 1, 0, 0, 0, 0, 0, 1, 1, 0, 1, 0, 1, 1, 0, 0, 1, 1, 0, 1, 0, 0, 0, 1, 1, 0, 1, 1, 0, 0, 1, 0, 1, 0, 0, 0, 0, 1, 1, 1, 0, 0, 1, 0, 1, 0, 0, 0, 0, 0, 0, 1, 0, 1, 1, 0, 0, 0, 1, 0, 0, 0, 0],
[0, 0, 0, 0, 0, 0, 0, 0, 0, 0, 0, 0, 0, 0, 0, 0, 0, 0, 0, 0, 0, 0, 0, 0, 0, 0, 0, 0, 0, 0, 0, 0, 0, 0, 0, 1, 1, 1, 0, 0, 1, 1, 0, 0, 1, 1, 1, 1, 1, 1, 1, 1, 0, 0, 1, 1, 1, 0, 1, 1, 1, 0, 1, 0, 1, 1, 0, 0, 0, 1, 0, 0, 0, 1, 0, 1, 0, 0, 0, 0, 0, 1, 1, 0, 1, 1, 0, 0, 1, 0, 0, 0, 0, 1, 1, 0, 1, 0, 0, 1]
];