output_file = "9-1-B-80-1.60-63.csv";

n_days = 80;
n_shelves = 9;
n_crops = 1;

crop_shelf_compatible = [
    [1, 1, 1, 1, 1, 1, 1, 1, 1]
];

crop_growth_days = [15];

n_configurations = 2;

crop_growth_day_config = [
    [1, 1, 1, 2, 2, 2, 2, 2, 2, 2, 2, 2, 2, 2, 2]
];

capacity = [
    [12, 12],
[12, 12],
[12, 12],
[12, 12],
[12, 12],
[12, 12],
[12, 12],
[12, 12],
[12, 12]
];

demand = [
    [0, 0, 0, 0, 0, 0, 0, 0, 0, 0, 0, 0, 0, 0, 0, 9, 9, 19, 17, 11, 1, 0, 8, 9, 0, 9, 0, 0, 0, 4, 0, 19, 0, 0, 0, 0, 0, 11, 22, 0, 0, 0, 0, 0, 8, 0, 0, 0, 0, 3, 9, 0, 16, 0, 16, 0, 4, 0, 8, 0, 0, 0, 0, 8, 0, 8, 0, 0, 0, 0, 3, 0, 0, 0, 17, 8, 0, 0, 0, 9]
];
