output_file = "9-1-C-60-1.80-100.csv";

n_days = 60;
n_shelves = 9;
n_crops = 1;

crop_shelf_compatible = [
    [1, 1, 1, 1, 1, 1, 1, 1, 1]
];

crop_growth_days = [15];

n_configurations = 2;

crop_growth_day_config = [
    [1, 1, 1, 2, 2, 2, 2, 2, 2, 2, 2, 2, 2, 2, 2]
];

capacity = [
    [12, 12],
[12, 12],
[12, 12],
[12, 12],
[12, 12],
[12, 12],
[12, 12],
[12, 12],
[12, 12]
];

demand = [
    [0, 0, 0, 0, 0, 0, 0, 0, 0, 0, 0, 0, 0, 0, 0, 0, 12, 0, 0, 0, 3, 3, 0, 0, 0, 0, 0, 3, 5, 0, 9, 9, 0, 0, 0, 0, 0, 0, 0, 0, 0, 3, 0, 10, 0, 0, 0, 0, 5, 0, 0, 0, 0, 27, 0, 0, 0, 0, 0, 0]
];
