output_file = "9-1-C-100-1.60-135.csv";

n_days = 100;
n_shelves = 9;
n_crops = 1;

crop_shelf_compatible = [
    [1, 1, 1, 1, 1, 1, 1, 1, 1]
];

crop_growth_days = [15];

n_configurations = 2;

crop_growth_day_config = [
    [1, 1, 1, 2, 2, 2, 2, 2, 2, 2, 2, 2, 2, 2, 2]
];

capacity = [
    [12, 12],
[12, 12],
[12, 12],
[12, 12],
[12, 12],
[12, 12],
[12, 12],
[12, 12],
[12, 12]
];

demand = [
    [0, 0, 0, 0, 0, 0, 0, 0, 0, 0, 0, 0, 0, 0, 0, 0, 0, 0, 0, 0, 0, 0, 0, 0, 0, 0, 9, 0, 9, 0, 0, 0, 0, 0, 4, 4, 0, 0, 0, 0, 0, 0, 0, 0, 11, 0, 0, 0, 4, 6, 4, 0, 19, 0, 16, 0, 0, 0, 0, 19, 0, 0, 0, 4, 0, 0, 0, 9, 0, 1, 0, 11, 0, 16, 25, 12, 0, 0, 8, 11, 19, 25, 0, 6, 9, 0, 0, 17, 0, 14, 0, 0, 8, 0, 0, 14, 0, 0, 0, 0]
];
