output_file = "9-1-C-100-1.00-132.csv";

n_days = 100;
n_shelf_types = 2;
n_crops = 1;

num_shelves = [
    6, 3
];


crop_shelf_type_compatible = [
    [1, 1]
];

crop_growth_days = [15];

n_configurations = 2;

crop_growth_day_config = [
    [1, 1, 1, 2, 2, 2, 2, 2, 2, 2, 2, 2, 2, 2, 2]
];

capacity = [
    [12, 12],
[12, 12]
];

demand = [
    [0, 0, 0, 0, 0, 0, 0, 0, 0, 0, 0, 0, 0, 0, 0, 5, 6, 12, 0, 6, 3, 3, 7, 8, 0, 0, 5, 0, 0, 0, 3, 0, 0, 12, 0, 0, 0, 0, 0, 15, 0, 3, 0, 0, 0, 0, 0, 0, 0, 0, 0, 0, 8, 0, 0, 0, 0, 0, 0, 0, 8, 0, 0, 0, 0, 5, 0, 7, 0, 0, 0, 0, 0, 0, 6, 0, 0, 0, 3, 6, 0, 14, 9, 0, 0, 0, 0, 0, 11, 0, 3, 0, 0, 3, 0, 0, 9, 3, 4, 3]
];
