output_file = "9-1-B-100-1.60-81.csv";

n_days = 100;
n_shelves = 9;
n_crops = 1;

crop_shelf_compatible = [
    [1, 1, 1, 1, 1, 1, 1, 1, 1]
];

crop_growth_days = [15];

n_configurations = 2;

crop_growth_day_config = [
    [1, 1, 1, 2, 2, 2, 2, 2, 2, 2, 2, 2, 2, 2, 2]
];

capacity = [
    [12, 12],
[12, 12],
[12, 12],
[12, 12],
[12, 12],
[12, 12],
[12, 12],
[12, 12],
[12, 12]
];

demand = [
    [0, 0, 0, 0, 0, 0, 0, 0, 0, 0, 0, 0, 0, 0, 0, 0, 0, 0, 0, 14, 0, 0, 0, 0, 0, 0, 0, 0, 6, 0, 11, 22, 0, 0, 1, 9, 0, 6, 0, 0, 11, 3, 8, 0, 12, 0, 0, 0, 3, 4, 0, 4, 19, 24, 0, 6, 9, 11, 0, 0, 0, 0, 0, 0, 6, 8, 0, 22, 0, 0, 9, 6, 9, 0, 16, 0, 0, 0, 4, 0, 0, 0, 0, 0, 4, 0, 0, 9, 0, 0, 0, 4, 8, 0, 0, 0, 14, 4, 6, 11]
];
