output_file = "9-1-F-60-1.60-261.csv";

n_days = 60;
n_shelves = 9;
n_crops = 1;

crop_shelf_compatible = [
    [1, 1, 1, 1, 1, 1, 1, 1, 1]
];

crop_growth_days = [35];

n_configurations = 4;

crop_growth_day_config = [
    [1, 1, 1, 1, 1, 1, 1, 2, 2, 2, 2, 2, 2, 2, 2, 2, 2, 3, 3, 3, 3, 3, 3, 3, 3, 3, 3, 3, 3, 3, 3, 4, 4, 4, 4]
];

capacity = [
    [12, 12, 10, 10],
[12, 12, 10, 10],
[12, 12, 10, 10],
[12, 12, 10, 10],
[12, 12, 10, 10],
[12, 12, 10, 10],
[12, 12, 10, 10],
[12, 12, 10, 10],
[12, 12, 10, 10]
];

demand = [
    [0, 0, 0, 0, 0, 0, 0, 0, 0, 0, 0, 0, 0, 0, 0, 0, 0, 0, 0, 0, 0, 0, 0, 0, 0, 0, 0, 0, 0, 0, 0, 0, 0, 0, 0, 4, 0, 4, 0, 0, 0, 4, 9, 0, 6, 0, 0, 0, 0, 6, 6, 0, 0, 0, 8, 0, 0, 0, 0, 0]
];
