output_file = "9-1-C-80-1.00-114.csv";

n_days = 80;
n_shelf_types = 2;
n_crops = 1;

num_shelves = [
    6, 3
];


crop_shelf_type_compatible = [
    [1, 1]
];

crop_growth_days = [15];

n_configurations = 2;

crop_growth_day_config = [
    [1, 1, 1, 2, 2, 2, 2, 2, 2, 2, 2, 2, 2, 2, 2]
];

capacity = [
    [12, 12],
[12, 12]
];

demand = [
    [0, 0, 0, 0, 0, 0, 0, 0, 0, 0, 0, 0, 0, 0, 0, 17, 15, 31, 0, 0, 9, 19, 9, 15, 29, 32, 21, 0, 16, 0, 0, 31, 0, 19, 0, 16, 9, 0, 24, 34, 0, 6, 0, 11, 12, 0, 0, 31, 0, 0, 0, 0, 0, 44, 0, 10, 0, 0, 19, 24, 0, 15, 0, 0, 19, 0, 31, 0, 0, 0, 18, 10, 0, 0, 0, 29, 0, 0, 0, 20]
];


missed_demand_penalty = [
    [0, 0, 0, 0, 0, 0, 0, 0, 0, 0, 0, 0, 0, 0, 0, 1, 1, 1, 0, 0, 1, 1, 1, 1, 1, 1, 1, 0, 1, 0, 0, 1, 0, 1, 0, 1, 1, 0, 1, 1, 0, 1, 0, 1, 1, 0, 0, 1, 0, 0, 0, 0, 0, 1, 0, 1, 0, 0, 1, 1, 0, 1, 0, 0, 1, 0, 1, 0, 0, 0, 1, 1, 0, 0, 0, 1, 0, 0, 0, 1]
];