output_file = "9-1-D-100-1.20-187.csv";

n_days = 100;
n_shelves = 9;
n_crops = 1;

crop_shelf_compatible = [
    [1, 1, 1, 1, 1, 1, 1, 1, 1]
];

crop_growth_days = [44];

n_configurations = 5;

crop_growth_day_config = [
    [1, 1, 2, 2, 2, 2, 2, 2, 2, 2, 2, 2, 2, 2, 2, 2, 3, 3, 3, 3, 3, 3, 3, 3, 3, 3, 4, 4, 4, 4, 4, 4, 4, 4, 4, 5, 5, 5, 5, 5, 5, 5, 5, 5]
];

capacity = [
    [10, 10, 10, 10, 10],
[10, 10, 10, 10, 10],
[10, 10, 10, 10, 10],
[10, 10, 10, 10, 10],
[10, 10, 10, 10, 10],
[10, 10, 10, 10, 10],
[10, 10, 10, 10, 10],
[10, 10, 10, 10, 10],
[10, 10, 10, 10, 10]
];

demand = [
    [0, 0, 0, 0, 0, 0, 0, 0, 0, 0, 0, 0, 0, 0, 0, 0, 0, 0, 0, 0, 0, 0, 0, 0, 0, 0, 0, 0, 0, 0, 0, 0, 0, 0, 0, 0, 0, 0, 0, 0, 0, 0, 0, 0, 0, 0, 19, 0, 0, 0, 0, 7, 0, 0, 0, 0, 6, 6, 0, 0, 0, 7, 0, 0, 0, 0, 0, 9, 0, 4, 0, 0, 0, 0, 9, 0, 0, 0, 0, 0, 0, 0, 0, 3, 0, 0, 0, 12, 0, 7, 1, 0, 0, 0, 8, 19, 0, 0, 0, 0]
];
