output_file = "9-1-D-100-1.60-189.csv";

n_days = 100;
n_shelf_types = 2;
n_crops = 1;

num_shelves = [
    6, 3
];


crop_shelf_type_compatible = [
    [1, 1]
];

crop_growth_days = [44];

n_configurations = 5;

crop_growth_day_config = [
    [1, 1, 2, 2, 2, 2, 2, 2, 2, 2, 2, 2, 2, 2, 2, 2, 3, 3, 3, 3, 3, 3, 3, 3, 3, 3, 4, 4, 4, 4, 4, 4, 4, 4, 4, 5, 5, 5, 5, 5, 5, 5, 5, 5]
];

capacity = [
    [10, 10, 10, 10, 10],
[10, 10, 10, 10, 10]
];

demand = [
    [0, 0, 0, 0, 0, 0, 0, 0, 0, 0, 0, 0, 0, 0, 0, 0, 0, 0, 0, 0, 0, 0, 0, 0, 0, 0, 0, 0, 0, 0, 0, 0, 0, 0, 0, 0, 0, 0, 0, 0, 0, 0, 0, 0, 0, 0, 16, 8, 0, 0, 0, 9, 0, 9, 0, 6, 8, 3, 4, 0, 14, 16, 0, 6, 0, 12, 0, 24, 0, 0, 0, 0, 0, 16, 0, 19, 6, 0, 0, 12, 9, 0, 8, 0, 0, 0, 0, 0, 0, 0, 0, 0, 11, 0, 0, 0, 0, 0, 0, 8]
];
