output_file = "9-1-B-100-1.20-79.csv";

n_days = 100;
n_shelf_types = 2;
n_crops = 1;

num_shelves = [
    6, 3
];


crop_shelf_type_compatible = [
    [1, 1]
];

crop_growth_days = [15];

n_configurations = 2;

crop_growth_day_config = [
    [1, 1, 1, 2, 2, 2, 2, 2, 2, 2, 2, 2, 2, 2, 2]
];

capacity = [
    [12, 12],
[12, 12]
];

demand = [
    [0, 0, 0, 0, 0, 0, 0, 0, 0, 0, 0, 0, 0, 0, 0, 15, 0, 30, 0, 0, 0, 0, 10, 0, 0, 25, 0, 14, 0, 0, 13, 0, 0, 0, 0, 0, 24, 0, 0, 0, 0, 0, 14, 0, 0, 0, 55, 0, 12, 0, 0, 20, 0, 0, 19, 10, 0, 25, 0, 0, 25, 22, 0, 22, 0, 0, 21, 55, 0, 0, 20, 0, 0, 0, 34, 0, 0, 0, 13, 0, 0, 54, 0, 0, 0, 0, 15, 32, 0, 27, 0, 0, 0, 0, 32, 0, 16, 0, 0, 15]
];


missed_demand_penalty = [
    [0, 0, 0, 0, 0, 0, 0, 0, 0, 0, 0, 0, 0, 0, 0, 1, 0, 1, 0, 0, 0, 0, 1, 0, 0, 1, 0, 1, 0, 0, 1, 0, 0, 0, 0, 0, 1, 0, 0, 0, 0, 0, 1, 0, 0, 0, 1, 0, 1, 0, 0, 1, 0, 0, 1, 1, 0, 1, 0, 0, 1, 1, 0, 1, 0, 0, 1, 1, 0, 0, 1, 0, 0, 0, 1, 0, 0, 0, 1, 0, 0, 1, 0, 0, 0, 0, 1, 1, 0, 1, 0, 0, 0, 0, 1, 0, 1, 0, 0, 1]
];