output_file = "9-1-B-60-1.40-44.csv";

n_days = 60;
n_shelves = 9;
n_crops = 1;

crop_shelf_compatible = [
    [1, 1, 1, 1, 1, 1, 1, 1, 1]
];

crop_growth_days = [15];

n_configurations = 2;

crop_growth_day_config = [
    [1, 1, 1, 2, 2, 2, 2, 2, 2, 2, 2, 2, 2, 2, 2]
];

capacity = [
    [12, 12],
[12, 12],
[12, 12],
[12, 12],
[12, 12],
[12, 12],
[12, 12],
[12, 12],
[12, 12]
];

demand = [
    [0, 0, 0, 0, 0, 0, 0, 0, 0, 0, 0, 0, 0, 0, 0, 0, 4, 16, 14, 12, 0, 0, 0, 0, 0, 0, 0, 0, 0, 4, 4, 0, 0, 0, 1, 0, 9, 0, 0, 0, 0, 0, 4, 4, 0, 0, 14, 0, 0, 0, 8, 0, 0, 0, 0, 4, 5, 5, 0, 0]
];
