output_file = "9-1-F-100-1.60-297.csv";

n_days = 100;
n_shelves = 9;
n_crops = 1;

crop_shelf_compatible = [
    [1, 1, 1, 1, 1, 1, 1, 1, 1]
];

crop_growth_days = [35];

n_configurations = 4;

crop_growth_day_config = [
    [1, 1, 1, 1, 1, 1, 1, 2, 2, 2, 2, 2, 2, 2, 2, 2, 2, 3, 3, 3, 3, 3, 3, 3, 3, 3, 3, 3, 3, 3, 3, 4, 4, 4, 4]
];

capacity = [
    [12, 12, 10, 10],
[12, 12, 10, 10],
[12, 12, 10, 10],
[12, 12, 10, 10],
[12, 12, 10, 10],
[12, 12, 10, 10],
[12, 12, 10, 10],
[12, 12, 10, 10],
[12, 12, 10, 10]
];

demand = [
    [0, 0, 0, 0, 0, 0, 0, 0, 0, 0, 0, 0, 0, 0, 0, 0, 0, 0, 0, 0, 0, 0, 0, 0, 0, 0, 0, 0, 0, 0, 0, 0, 0, 0, 0, 0, 6, 0, 0, 0, 0, 0, 9, 4, 0, 20, 0, 0, 6, 0, 0, 0, 16, 0, 14, 0, 0, 11, 0, 0, 19, 0, 0, 0, 8, 0, 0, 0, 0, 0, 0, 0, 0, 22, 0, 0, 3, 0, 3, 0, 20, 0, 0, 0, 0, 0, 0, 0, 0, 12, 0, 3, 0, 0, 17, 22, 12, 0, 8, 0]
];
