output_file = "9-1-C-80-1.40-116.csv";

n_days = 80;
n_shelves = 9;
n_crops = 1;

crop_shelf_compatible = [
    [1, 1, 1, 1, 1, 1, 1, 1, 1]
];

crop_growth_days = [15];

n_configurations = 2;

crop_growth_day_config = [
    [1, 1, 1, 2, 2, 2, 2, 2, 2, 2, 2, 2, 2, 2, 2]
];

capacity = [
    [12, 12],
[12, 12],
[12, 12],
[12, 12],
[12, 12],
[12, 12],
[12, 12],
[12, 12],
[12, 12]
];

demand = [
    [0, 0, 0, 0, 0, 0, 0, 0, 0, 0, 0, 0, 0, 0, 0, 0, 0, 0, 0, 5, 4, 0, 5, 0, 0, 15, 0, 0, 4, 9, 5, 0, 0, 0, 0, 5, 0, 0, 0, 0, 0, 0, 0, 0, 5, 0, 12, 15, 0, 0, 7, 0, 0, 8, 0, 0, 8, 8, 0, 0, 0, 0, 0, 0, 4, 0, 15, 19, 0, 0, 5, 0, 5, 0, 0, 0, 0, 2, 7, 0]
];
