output_file = "9-1-E-100-2.00-245.csv";

n_days = 100;
n_shelves = 9;
n_crops = 1;

crop_shelf_compatible = [
    [1, 1, 1, 1, 1, 1, 1, 1, 1]
];

crop_growth_days = [35];

n_configurations = 4;

crop_growth_day_config = [
    [1, 1, 1, 1, 1, 1, 1, 2, 2, 2, 2, 2, 2, 2, 2, 2, 2, 3, 3, 3, 3, 3, 3, 3, 3, 3, 3, 3, 3, 3, 3, 4, 4, 4, 4]
];

capacity = [
    [12, 12, 12, 12],
[12, 12, 12, 12],
[12, 12, 12, 12],
[12, 12, 12, 12],
[12, 12, 12, 12],
[12, 12, 12, 12],
[12, 12, 12, 12],
[12, 12, 12, 12],
[12, 12, 12, 12]
];

demand = [
    [0, 0, 0, 0, 0, 0, 0, 0, 0, 0, 0, 0, 0, 0, 0, 0, 0, 0, 0, 0, 0, 0, 0, 0, 0, 0, 0, 0, 0, 0, 0, 0, 0, 0, 0, 0, 0, 16, 12, 0, 10, 6, 0, 10, 0, 0, 28, 18, 4, 0, 12, 0, 0, 0, 0, 4, 0, 0, 6, 16, 14, 18, 0, 0, 0, 0, 0, 22, 12, 0, 10, 0, 0, 12, 0, 0, 4, 0, 0, 0, 0, 0, 0, 2, 10, 0, 6, 0, 0, 0, 0, 0, 0, 0, 0, 0, 0, 0, 0, 0]
];
