output_file = "9-1-C-100-1.60-135.csv";

n_days = 100;
n_shelf_types = 2;
n_crops = 1;

num_shelves = [
    6, 3
];


crop_shelf_type_compatible = [
    [1, 1]
];

crop_growth_days = [15];

n_configurations = 2;

crop_growth_day_config = [
    [1, 1, 1, 2, 2, 2, 2, 2, 2, 2, 2, 2, 2, 2, 2]
];

capacity = [
    [12, 12],
[12, 12]
];

demand = [
    [0, 0, 0, 0, 0, 0, 0, 0, 0, 0, 0, 0, 0, 0, 0, 17, 0, 41, 40, 0, 0, 27, 0, 22, 38, 73, 0, 0, 27, 0, 0, 0, 0, 25, 0, 27, 25, 19, 51, 0, 38, 12, 0, 32, 0, 59, 65, 0, 16, 0, 14, 0, 64, 0, 0, 0, 0, 0, 33, 46, 0, 27, 9, 0, 0, 0, 0, 43, 38, 0, 0, 0, 0, 0, 64, 22, 0, 22, 14, 0, 0, 56, 0, 0, 0, 0, 0, 49, 32, 28, 0, 0, 0, 33, 0, 0, 43, 0, 0, 0]
];


missed_demand_penalty = [
    [0, 0, 0, 0, 0, 0, 0, 0, 0, 0, 0, 0, 0, 0, 0, 1, 0, 1, 1, 0, 0, 1, 0, 1, 1, 1, 0, 0, 1, 0, 0, 0, 0, 1, 0, 1, 1, 1, 1, 0, 1, 1, 0, 1, 0, 1, 1, 0, 1, 0, 1, 0, 1, 0, 0, 0, 0, 0, 1, 1, 0, 1, 1, 0, 0, 0, 0, 1, 1, 0, 0, 0, 0, 0, 1, 1, 0, 1, 1, 0, 0, 1, 0, 0, 0, 0, 0, 1, 1, 1, 0, 0, 0, 1, 0, 0, 1, 0, 0, 0]
];