output_file = "9-1-C-100-1.40-134.csv";

n_days = 100;
n_shelf_types = 2;
n_crops = 1;

num_shelves = [
    6, 3
];


crop_shelf_type_compatible = [
    [1, 1]
];

crop_growth_days = [15];

n_configurations = 2;

crop_growth_day_config = [
    [1, 1, 1, 2, 2, 2, 2, 2, 2, 2, 2, 2, 2, 2, 2]
];

capacity = [
    [12, 12],
[12, 12]
];

demand = [
    [0, 0, 0, 0, 0, 0, 0, 0, 0, 0, 0, 0, 0, 0, 0, 0, 19, 29, 0, 22, 0, 18, 0, 0, 0, 56, 0, 11, 0, 14, 0, 47, 0, 25, 0, 0, 0, 23, 0, 0, 0, 0, 12, 28, 0, 0, 0, 0, 15, 23, 28, 0, 23, 0, 0, 16, 15, 0, 14, 0, 0, 25, 0, 0, 15, 0, 0, 36, 0, 0, 0, 21, 0, 49, 50, 0, 0, 0, 0, 29, 47, 43, 39, 0, 0, 28, 16, 0, 29, 0, 0, 0, 19, 28, 0, 58, 0, 0, 11, 0]
];


missed_demand_penalty = [
    [0, 0, 0, 0, 0, 0, 0, 0, 0, 0, 0, 0, 0, 0, 0, 0, 1, 1, 0, 1, 0, 1, 0, 0, 0, 1, 0, 1, 0, 1, 0, 1, 0, 1, 0, 0, 0, 1, 0, 0, 0, 0, 1, 1, 0, 0, 0, 0, 1, 1, 1, 0, 1, 0, 0, 1, 1, 0, 1, 0, 0, 1, 0, 0, 1, 0, 0, 1, 0, 0, 0, 1, 0, 1, 1, 0, 0, 0, 0, 1, 1, 1, 1, 0, 0, 1, 1, 0, 1, 0, 0, 0, 1, 1, 0, 1, 0, 0, 1, 0]
];