output_file = "9-1-B-60-1.00-42.csv";

n_days = 60;
n_shelves = 9;
n_crops = 1;

crop_shelf_compatible = [
    [1, 1, 1, 1, 1, 1, 1, 1, 1]
];

crop_growth_days = [15];

n_configurations = 2;

crop_growth_day_config = [
    [1, 1, 1, 2, 2, 2, 2, 2, 2, 2, 2, 2, 2, 2, 2]
];

capacity = [
    [12, 12],
[12, 12],
[12, 12],
[12, 12],
[12, 12],
[12, 12],
[12, 12],
[12, 12],
[12, 12]
];

demand = [
    [0, 0, 0, 0, 0, 0, 0, 0, 0, 0, 0, 0, 0, 0, 0, 0, 6, 0, 15, 0, 0, 0, 0, 0, 0, 0, 0, 0, 0, 0, 5, 13, 0, 7, 4, 0, 0, 0, 10, 0, 0, 0, 4, 2, 8, 0, 0, 7, 0, 5, 0, 0, 13, 6, 5, 3, 3, 2, 3, 0]
];
