output_file = "9-1-B-80-1.40-62.csv";

n_days = 80;
n_shelves = 9;
n_crops = 1;

crop_shelf_compatible = [
    [1, 1, 1, 1, 1, 1, 1, 1, 1]
];

crop_growth_days = [15];

n_configurations = 2;

crop_growth_day_config = [
    [1, 1, 1, 2, 2, 2, 2, 2, 2, 2, 2, 2, 2, 2, 2]
];

capacity = [
    [12, 12],
[12, 12],
[12, 12],
[12, 12],
[12, 12],
[12, 12],
[12, 12],
[12, 12],
[12, 12]
];

demand = [
    [0, 0, 0, 0, 0, 0, 0, 0, 0, 0, 0, 0, 0, 0, 0, 0, 7, 0, 8, 7, 4, 0, 0, 0, 11, 0, 0, 0, 5, 0, 7, 0, 0, 9, 0, 0, 8, 0, 9, 0, 0, 5, 8, 0, 0, 0, 22, 0, 2, 0, 0, 0, 12, 18, 0, 0, 2, 0, 0, 0, 21, 8, 0, 5, 0, 0, 0, 12, 0, 0, 0, 0, 11, 14, 8, 11, 0, 0, 0, 0]
];
