output_file = "9-1-D-80-1.80-172.csv";

n_days = 80;
n_shelves = 9;
n_crops = 1;

crop_shelf_compatible = [
    [1, 1, 1, 1, 1, 1, 1, 1, 1]
];

crop_growth_days = [44];

n_configurations = 5;

crop_growth_day_config = [
    [1, 1, 2, 2, 2, 2, 2, 2, 2, 2, 2, 2, 2, 2, 2, 2, 3, 3, 3, 3, 3, 3, 3, 3, 3, 3, 4, 4, 4, 4, 4, 4, 4, 4, 4, 5, 5, 5, 5, 5, 5, 5, 5, 5]
];

capacity = [
    [10, 10, 10, 10, 10],
[10, 10, 10, 10, 10],
[10, 10, 10, 10, 10],
[10, 10, 10, 10, 10],
[10, 10, 10, 10, 10],
[10, 10, 10, 10, 10],
[10, 10, 10, 10, 10],
[10, 10, 10, 10, 10],
[10, 10, 10, 10, 10]
];

demand = [
    [0, 0, 0, 0, 0, 0, 0, 0, 0, 0, 0, 0, 0, 0, 0, 0, 0, 0, 0, 0, 0, 0, 0, 0, 0, 0, 0, 0, 0, 0, 0, 0, 0, 0, 0, 0, 0, 0, 0, 0, 0, 0, 0, 0, 7, 12, 0, 0, 0, 10, 0, 0, 0, 0, 0, 1, 0, 3, 0, 19, 25, 19, 5, 0, 0, 0, 0, 0, 0, 1, 5, 9, 0, 0, 21, 0, 0, 0, 0, 7]
];
