output_file = "9-1-B-100-1.40-80.csv";

n_days = 100;
n_shelf_types = 2;
n_crops = 1;

num_shelves = [
    6, 3
];


crop_shelf_type_compatible = [
    [1, 1]
];

crop_growth_days = [15];

n_configurations = 2;

crop_growth_day_config = [
    [1, 1, 1, 2, 2, 2, 2, 2, 2, 2, 2, 2, 2, 2, 2]
];

capacity = [
    [12, 12],
[12, 12]
];

demand = [
    [0, 0, 0, 0, 0, 0, 0, 0, 0, 0, 0, 0, 0, 0, 0, 8, 11, 0, 0, 0, 4, 0, 0, 0, 0, 0, 14, 0, 8, 5, 0, 8, 0, 7, 0, 0, 0, 0, 9, 0, 0, 5, 0, 2, 0, 0, 0, 14, 0, 2, 7, 0, 7, 18, 0, 4, 0, 5, 0, 9, 0, 8, 0, 0, 0, 0, 0, 9, 11, 0, 0, 0, 4, 0, 0, 0, 0, 5, 0, 0, 0, 0, 12, 0, 7, 0, 11, 14, 0, 0, 5, 0, 5, 4, 18, 0, 0, 4, 0, 0]
];
