output_file = "9-1-B-100-1.80-82.csv";

n_days = 100;
n_shelf_types = 2;
n_crops = 1;

num_shelves = [
    6, 3
];


crop_shelf_type_compatible = [
    [1, 1]
];

crop_growth_days = [15];

n_configurations = 2;

crop_growth_day_config = [
    [1, 1, 1, 2, 2, 2, 2, 2, 2, 2, 2, 2, 2, 2, 2]
];

capacity = [
    [12, 12],
[12, 12]
];

demand = [
    [0, 0, 0, 0, 0, 0, 0, 0, 0, 0, 0, 0, 0, 0, 0, 0, 0, 0, 39, 0, 19, 0, 19, 0, 0, 0, 25, 16, 0, 0, 0, 43, 0, 0, 0, 0, 0, 0, 48, 72, 57, 0, 0, 32, 0, 0, 57, 0, 0, 25, 0, 0, 0, 0, 39, 19, 0, 18, 0, 0, 0, 0, 9, 30, 0, 0, 0, 0, 0, 16, 0, 19, 0, 0, 0, 57, 0, 30, 36, 0, 0, 37, 0, 9, 0, 30, 0, 0, 0, 0, 0, 0, 0, 32, 70, 63, 0, 0, 0, 0]
];


missed_demand_penalty = [
    [0, 0, 0, 0, 0, 0, 0, 0, 0, 0, 0, 0, 0, 0, 0, 0, 0, 0, 1, 0, 1, 0, 1, 0, 0, 0, 1, 1, 0, 0, 0, 1, 0, 0, 0, 0, 0, 0, 1, 1, 1, 0, 0, 1, 0, 0, 1, 0, 0, 1, 0, 0, 0, 0, 1, 1, 0, 1, 0, 0, 0, 0, 1, 1, 0, 0, 0, 0, 0, 1, 0, 1, 0, 0, 0, 1, 0, 1, 1, 0, 0, 1, 0, 1, 0, 1, 0, 0, 0, 0, 0, 0, 0, 1, 1, 1, 0, 0, 0, 0]
];