output_file = "9-1-C-80-2.00-119.csv";

n_days = 80;
n_shelves = 9;
n_crops = 1;

crop_shelf_compatible = [
    [1, 1, 1, 1, 1, 1, 1, 1, 1]
];

crop_growth_days = [15];

n_configurations = 2;

crop_growth_day_config = [
    [1, 1, 1, 2, 2, 2, 2, 2, 2, 2, 2, 2, 2, 2, 2]
];

capacity = [
    [12, 12],
[12, 12],
[12, 12],
[12, 12],
[12, 12],
[12, 12],
[12, 12],
[12, 12],
[12, 12]
];

demand = [
    [0, 0, 0, 0, 0, 0, 0, 0, 0, 0, 0, 0, 0, 0, 0, 0, 12, 12, 0, 0, 0, 8, 0, 14, 0, 28, 0, 0, 0, 0, 0, 10, 14, 0, 4, 12, 10, 8, 0, 0, 0, 0, 0, 0, 0, 0, 0, 16, 0, 0, 14, 0, 0, 12, 0, 0, 0, 0, 0, 24, 18, 10, 6, 6, 0, 0, 0, 16, 22, 6, 0, 0, 10, 0, 0, 0, 0, 6, 0, 0]
];
