output_file = "9-1-B-100-1.40-80.csv";

n_days = 100;
n_shelves = 9;
n_crops = 1;

crop_shelf_compatible = [
    [1, 1, 1, 1, 1, 1, 1, 1, 1]
];

crop_growth_days = [15];

n_configurations = 2;

crop_growth_day_config = [
    [1, 1, 1, 2, 2, 2, 2, 2, 2, 2, 2, 2, 2, 2, 2]
];

capacity = [
    [12, 12],
[12, 12],
[12, 12],
[12, 12],
[12, 12],
[12, 12],
[12, 12],
[12, 12],
[12, 12]
];

demand = [
    [0, 0, 0, 0, 0, 0, 0, 0, 0, 0, 0, 0, 0, 0, 0, 0, 0, 12, 22, 0, 0, 2, 4, 0, 19, 0, 0, 5, 4, 0, 0, 18, 18, 7, 2, 4, 0, 7, 0, 0, 0, 0, 0, 0, 9, 0, 0, 0, 0, 8, 0, 0, 9, 0, 11, 0, 5, 9, 0, 19, 0, 0, 0, 0, 0, 0, 0, 0, 11, 0, 0, 7, 0, 15, 16, 0, 0, 0, 0, 0, 0, 0, 0, 0, 0, 0, 0, 0, 19, 0, 0, 7, 0, 0, 0, 7, 0, 5, 8, 0]
];
