output_file = "9-1-B-100-1.00-78.csv";

n_days = 100;
n_shelf_types = 2;
n_crops = 1;

num_shelves = [
    6, 3
];


crop_shelf_type_compatible = [
    [1, 1]
];

crop_growth_days = [15];

n_configurations = 2;

crop_growth_day_config = [
    [1, 1, 1, 2, 2, 2, 2, 2, 2, 2, 2, 2, 2, 2, 2]
];

capacity = [
    [12, 12],
[12, 12]
];

demand = [
    [0, 0, 0, 0, 0, 0, 0, 0, 0, 0, 0, 0, 0, 0, 0, 0, 0, 0, 0, 0, 0, 0, 0, 3, 0, 0, 0, 0, 0, 0, 0, 10, 11, 11, 0, 0, 0, 0, 0, 0, 0, 0, 3, 0, 0, 7, 0, 0, 0, 0, 0, 7, 6, 0, 0, 4, 0, 0, 4, 0, 0, 0, 0, 6, 0, 2, 9, 7, 10, 3, 0, 0, 0, 0, 0, 0, 1, 0, 3, 3, 13, 0, 4, 0, 0, 0, 0, 0, 0, 10, 0, 0, 0, 0, 0, 0, 6, 4, 7, 4]
];
