output_file = "9-1-C-100-1.80-136.csv";

n_days = 100;
n_shelf_types = 2;
n_crops = 1;

num_shelves = [
    6, 3
];


crop_shelf_type_compatible = [
    [1, 1]
];

crop_growth_days = [15];

n_configurations = 2;

crop_growth_day_config = [
    [1, 1, 1, 2, 2, 2, 2, 2, 2, 2, 2, 2, 2, 2, 2]
];

capacity = [
    [12, 12],
[12, 12]
];

demand = [
    [0, 0, 0, 0, 0, 0, 0, 0, 0, 0, 0, 0, 0, 0, 0, 0, 0, 9, 27, 0, 7, 0, 0, 0, 0, 0, 12, 0, 9, 9, 0, 12, 0, 0, 0, 0, 0, 0, 0, 18, 0, 3, 0, 0, 7, 0, 0, 21, 0, 0, 0, 9, 0, 0, 16, 0, 0, 0, 7, 0, 0, 0, 5, 0, 0, 0, 0, 0, 0, 0, 0, 0, 0, 0, 25, 0, 5, 0, 0, 5, 10, 12, 12, 0, 0, 0, 9, 0, 19, 0, 0, 5, 3, 14, 0, 0, 0, 0, 0, 0]
];
