output_file = "9-1-C-100-1.40-134.csv";

n_days = 100;
n_shelves = 9;
n_crops = 1;

crop_shelf_compatible = [
    [1, 1, 1, 1, 1, 1, 1, 1, 1]
];

crop_growth_days = [15];

n_configurations = 2;

crop_growth_day_config = [
    [1, 1, 1, 2, 2, 2, 2, 2, 2, 2, 2, 2, 2, 2, 2]
];

capacity = [
    [12, 12],
[12, 12],
[12, 12],
[12, 12],
[12, 12],
[12, 12],
[12, 12],
[12, 12],
[12, 12]
];

demand = [
    [0, 0, 0, 0, 0, 0, 0, 0, 0, 0, 0, 0, 0, 0, 0, 0, 11, 0, 0, 8, 4, 0, 8, 9, 0, 9, 0, 0, 0, 0, 7, 0, 0, 0, 0, 2, 0, 4, 0, 0, 0, 2, 7, 0, 0, 16, 16, 0, 0, 0, 0, 0, 0, 0, 0, 0, 0, 4, 8, 12, 0, 0, 2, 0, 0, 8, 0, 22, 0, 0, 0, 0, 0, 0, 0, 0, 0, 0, 0, 8, 0, 0, 9, 0, 0, 8, 0, 15, 0, 8, 4, 0, 0, 4, 16, 0, 11, 0, 0, 0]
];
