output_file = "9-1-D-100-1.80-190.csv";

n_days = 100;
n_shelf_types = 2;
n_crops = 1;

num_shelves = [
    6, 3
];


crop_shelf_type_compatible = [
    [1, 1]
];

crop_growth_days = [44];

n_configurations = 5;

crop_growth_day_config = [
    [1, 1, 2, 2, 2, 2, 2, 2, 2, 2, 2, 2, 2, 2, 2, 2, 3, 3, 3, 3, 3, 3, 3, 3, 3, 3, 4, 4, 4, 4, 4, 4, 4, 4, 4, 5, 5, 5, 5, 5, 5, 5, 5, 5]
];

capacity = [
    [10, 10, 10, 10, 10],
[10, 10, 10, 10, 10]
];

demand = [
    [0, 0, 0, 0, 0, 0, 0, 0, 0, 0, 0, 0, 0, 0, 0, 0, 0, 0, 0, 0, 0, 0, 0, 0, 0, 0, 0, 0, 0, 0, 0, 0, 0, 0, 0, 0, 0, 0, 0, 0, 0, 0, 0, 0, 0, 0, 14, 19, 0, 5, 0, 0, 23, 9, 0, 0, 0, 9, 0, 0, 0, 0, 5, 7, 0, 0, 0, 0, 0, 5, 9, 0, 0, 0, 0, 16, 0, 0, 0, 0, 21, 0, 10, 0, 0, 0, 0, 0, 0, 14, 0, 0, 0, 0, 23, 0, 0, 3, 7, 0]
];
