output_file = "9-1-C-80-1.80-118.csv";

n_days = 80;
n_shelves = 9;
n_crops = 1;

crop_shelf_compatible = [
    [1, 1, 1, 1, 1, 1, 1, 1, 1]
];

crop_growth_days = [15];

n_configurations = 2;

crop_growth_day_config = [
    [1, 1, 1, 2, 2, 2, 2, 2, 2, 2, 2, 2, 2, 2, 2]
];

capacity = [
    [12, 12],
[12, 12],
[12, 12],
[12, 12],
[12, 12],
[12, 12],
[12, 12],
[12, 12],
[12, 12]
];

demand = [
    [0, 0, 0, 0, 0, 0, 0, 0, 0, 0, 0, 0, 0, 0, 0, 5, 0, 0, 23, 0, 0, 0, 0, 12, 0, 14, 19, 0, 0, 5, 7, 0, 19, 0, 3, 0, 10, 0, 0, 10, 0, 0, 0, 0, 10, 12, 0, 0, 0, 0, 0, 0, 0, 27, 0, 0, 7, 0, 0, 0, 0, 14, 3, 0, 5, 0, 0, 0, 0, 0, 0, 0, 0, 12, 9, 14, 5, 0, 0, 12]
];
