output_file = "9-1-D-80-2.00-173.csv";

n_days = 80;
n_shelf_types = 2;
n_crops = 1;

num_shelves = [
    6, 3
];


crop_shelf_type_compatible = [
    [1, 1]
];

crop_growth_days = [44];

n_configurations = 5;

crop_growth_day_config = [
    [1, 1, 2, 2, 2, 2, 2, 2, 2, 2, 2, 2, 2, 2, 2, 2, 3, 3, 3, 3, 3, 3, 3, 3, 3, 3, 4, 4, 4, 4, 4, 4, 4, 4, 4, 5, 5, 5, 5, 5, 5, 5, 5, 5]
];

capacity = [
    [10, 10, 10, 10, 10],
[10, 10, 10, 10, 10]
];

demand = [
    [0, 0, 0, 0, 0, 0, 0, 0, 0, 0, 0, 0, 0, 0, 0, 0, 0, 0, 0, 0, 0, 0, 0, 0, 0, 0, 0, 0, 0, 0, 0, 0, 0, 0, 0, 0, 0, 0, 0, 0, 0, 0, 0, 0, 40, 76, 60, 50, 22, 22, 24, 0, 0, 48, 0, 12, 0, 42, 34, 0, 72, 0, 0, 24, 0, 0, 72, 0, 36, 0, 28, 28, 0, 0, 0, 0, 0, 0, 18, 36]
];


missed_demand_penalty = [
    [0, 0, 0, 0, 0, 0, 0, 0, 0, 0, 0, 0, 0, 0, 0, 0, 0, 0, 0, 0, 0, 0, 0, 0, 0, 0, 0, 0, 0, 0, 0, 0, 0, 0, 0, 0, 0, 0, 0, 0, 0, 0, 0, 0, 1, 1, 1, 1, 1, 1, 1, 0, 0, 1, 0, 1, 0, 1, 1, 0, 1, 0, 0, 1, 0, 0, 1, 0, 1, 0, 1, 1, 0, 0, 0, 0, 0, 0, 1, 1]
];