output_file = "9-2-BC-100-2.00-533.csv";

n_days = 100;
n_shelf_types = 2;
n_crops = 2;

num_shelves = [
    6, 3
];


crop_shelf_type_compatible = [
    [1, 1],
[1, 1]
];

crop_growth_days = [15, 15];

n_configurations = 3;

crop_growth_day_config = [
    [1, 1, 1, 2, 2, 2, 2, 2, 2, 2, 2, 2, 2, 2, 2],
[1, 1, 1, 3, 3, 3, 3, 3, 3, 3, 3, 3, 3, 3, 3]
];

capacity = [
    [12, 12, 12],
[12, 12, 12]
];

demand = [
    [0, 0, 0, 0, 0, 0, 0, 0, 0, 0, 0, 0, 0, 0, 0, 18, 20, 0, 0, 0, 0, 0, 0, 16, 0, 24, 32, 0, 12, 0, 0, 0, 40, 20, 0, 14, 0, 0, 30, 24, 18, 0, 0, 10, 0, 0, 44, 0, 0, 10, 10, 14, 0, 0, 0, 12, 0, 16, 0, 26, 0, 0, 0, 18, 0, 0, 22, 42, 20, 0, 0, 0, 0, 0, 0, 0, 8, 0, 20, 14, 0, 0, 32, 0, 0, 0, 0, 26, 0, 32, 0, 16, 20, 0, 24, 0, 0, 0, 0, 18],
[0, 0, 0, 0, 0, 0, 0, 0, 0, 0, 0, 0, 0, 0, 0, 0, 18, 20, 42, 26, 12, 16, 0, 0, 0, 36, 24, 0, 18, 20, 0, 0, 34, 0, 10, 0, 12, 12, 34, 22, 0, 0, 0, 0, 0, 18, 40, 26, 0, 0, 16, 0, 0, 0, 16, 0, 18, 0, 20, 0, 32, 32, 0, 0, 0, 16, 36, 0, 16, 10, 0, 18, 24, 0, 0, 0, 0, 0, 0, 14, 18, 0, 12, 0, 18, 0, 0, 0, 26, 0, 10, 0, 20, 0, 0, 0, 0, 0, 18, 0]
];


missed_demand_penalty = [
    [0, 0, 0, 0, 0, 0, 0, 0, 0, 0, 0, 0, 0, 0, 0, 1, 1, 0, 0, 0, 0, 0, 0, 1, 0, 1, 1, 0, 1, 0, 0, 0, 1, 1, 0, 1, 0, 0, 1, 1, 1, 0, 0, 1, 0, 0, 1, 0, 0, 1, 1, 1, 0, 0, 0, 1, 0, 1, 0, 1, 0, 0, 0, 1, 0, 0, 1, 1, 1, 0, 0, 0, 0, 0, 0, 0, 1, 0, 1, 1, 0, 0, 1, 0, 0, 0, 0, 1, 0, 1, 0, 1, 1, 0, 1, 0, 0, 0, 0, 1],
[0, 0, 0, 0, 0, 0, 0, 0, 0, 0, 0, 0, 0, 0, 0, 0, 1, 1, 1, 1, 1, 1, 0, 0, 0, 1, 1, 0, 1, 1, 0, 0, 1, 0, 1, 0, 1, 1, 1, 1, 0, 0, 0, 0, 0, 1, 1, 1, 0, 0, 1, 0, 0, 0, 1, 0, 1, 0, 1, 0, 1, 1, 0, 0, 0, 1, 1, 0, 1, 1, 0, 1, 1, 0, 0, 0, 0, 0, 0, 1, 1, 0, 1, 0, 1, 0, 0, 0, 1, 0, 1, 0, 1, 0, 0, 0, 0, 0, 1, 0]
];