output_file = "9-2-BC-80-1.20-511.csv";

n_days = 80;
n_shelf_types = 2;
n_crops = 2;

num_shelves = [
    6, 3
];


crop_shelf_type_compatible = [
    [1, 1],
[1, 1]
];

crop_growth_days = [15, 15];

n_configurations = 3;

crop_growth_day_config = [
    [1, 1, 1, 2, 2, 2, 2, 2, 2, 2, 2, 2, 2, 2, 2],
[1, 1, 1, 3, 3, 3, 3, 3, 3, 3, 3, 3, 3, 3, 3]
];

capacity = [
    [12, 12, 12],
[12, 12, 12]
];

demand = [
    [0, 0, 0, 0, 0, 0, 0, 0, 0, 0, 0, 0, 0, 0, 0, 0, 0, 0, 13, 0, 7, 0, 0, 0, 0, 16, 10, 0, 10, 0, 0, 12, 0, 14, 0, 7, 0, 8, 0, 21, 0, 0, 4, 6, 8, 0, 0, 0, 6, 4, 7, 8, 22, 25, 12, 6, 0, 7, 13, 20, 14, 0, 2, 0, 8, 0, 22, 10, 0, 4, 0, 9, 0, 0, 18, 19, 0, 0, 0, 0],
[0, 0, 0, 0, 0, 0, 0, 0, 0, 0, 0, 0, 0, 0, 0, 9, 0, 18, 10, 19, 6, 0, 0, 0, 0, 0, 0, 6, 0, 12, 0, 10, 0, 0, 0, 7, 7, 13, 0, 19, 0, 0, 0, 8, 0, 0, 15, 8, 0, 0, 6, 0, 0, 0, 0, 4, 7, 12, 0, 0, 0, 0, 3, 8, 0, 0, 0, 0, 0, 0, 0, 4, 0, 19, 16, 0, 0, 6, 0, 12]
];


missed_demand_penalty = [
    [0, 0, 0, 0, 0, 0, 0, 0, 0, 0, 0, 0, 0, 0, 0, 0, 0, 0, 1, 0, 1, 0, 0, 0, 0, 1, 1, 0, 1, 0, 0, 1, 0, 1, 0, 1, 0, 1, 0, 1, 0, 0, 1, 1, 1, 0, 0, 0, 1, 1, 1, 1, 1, 1, 1, 1, 0, 1, 1, 1, 1, 0, 1, 0, 1, 0, 1, 1, 0, 1, 0, 1, 0, 0, 1, 1, 0, 0, 0, 0],
[0, 0, 0, 0, 0, 0, 0, 0, 0, 0, 0, 0, 0, 0, 0, 1, 0, 1, 1, 1, 1, 0, 0, 0, 0, 0, 0, 1, 0, 1, 0, 1, 0, 0, 0, 1, 1, 1, 0, 1, 0, 0, 0, 1, 0, 0, 1, 1, 0, 0, 1, 0, 0, 0, 0, 1, 1, 1, 0, 0, 0, 0, 1, 1, 0, 0, 0, 0, 0, 0, 0, 1, 0, 1, 1, 0, 0, 1, 0, 1]
];