output_file = "9-2-BC-80-1.80-514.csv";

n_days = 80;
n_shelf_types = 2;
n_crops = 2;

num_shelves = [
    6, 3
];


crop_shelf_type_compatible = [
    [1, 1],
[1, 1]
];

crop_growth_days = [15, 15];

n_configurations = 3;

crop_growth_day_config = [
    [1, 1, 1, 2, 2, 2, 2, 2, 2, 2, 2, 2, 2, 2, 2],
[1, 1, 1, 3, 3, 3, 3, 3, 3, 3, 3, 3, 3, 3, 3]
];

capacity = [
    [12, 12, 12],
[12, 12, 12]
];

demand = [
    [0, 0, 0, 0, 0, 0, 0, 0, 0, 0, 0, 0, 0, 0, 0, 0, 0, 0, 0, 28, 5, 0, 12, 0, 0, 0, 18, 0, 10, 0, 12, 0, 19, 19, 7, 0, 0, 0, 32, 0, 28, 5, 0, 10, 0, 34, 0, 0, 0, 12, 18, 10, 0, 0, 16, 0, 16, 0, 10, 0, 23, 0, 3, 0, 0, 0, 34, 27, 0, 0, 16, 0, 0, 34, 32, 0, 0, 0, 0, 9],
[0, 0, 0, 0, 0, 0, 0, 0, 0, 0, 0, 0, 0, 0, 0, 0, 9, 27, 0, 0, 5, 0, 14, 0, 0, 19, 0, 0, 0, 16, 0, 21, 0, 0, 0, 10, 0, 0, 34, 23, 23, 7, 0, 16, 18, 27, 0, 23, 0, 0, 0, 9, 0, 0, 23, 9, 0, 9, 19, 30, 21, 0, 0, 0, 12, 0, 27, 25, 28, 0, 0, 0, 0, 0, 23, 0, 7, 14, 10, 0]
];


missed_demand_penalty = [
    [0, 0, 0, 0, 0, 0, 0, 0, 0, 0, 0, 0, 0, 0, 0, 0, 0, 0, 0, 1, 1, 0, 1, 0, 0, 0, 1, 0, 1, 0, 1, 0, 1, 1, 1, 0, 0, 0, 1, 0, 1, 1, 0, 1, 0, 1, 0, 0, 0, 1, 1, 1, 0, 0, 1, 0, 1, 0, 1, 0, 1, 0, 1, 0, 0, 0, 1, 1, 0, 0, 1, 0, 0, 1, 1, 0, 0, 0, 0, 1],
[0, 0, 0, 0, 0, 0, 0, 0, 0, 0, 0, 0, 0, 0, 0, 0, 1, 1, 0, 0, 1, 0, 1, 0, 0, 1, 0, 0, 0, 1, 0, 1, 0, 0, 0, 1, 0, 0, 1, 1, 1, 1, 0, 1, 1, 1, 0, 1, 0, 0, 0, 1, 0, 0, 1, 1, 0, 1, 1, 1, 1, 0, 0, 0, 1, 0, 1, 1, 1, 0, 0, 0, 0, 0, 1, 0, 1, 1, 1, 0]
];