output_file = "9-2-BC-80-1.00-510.csv";

n_days = 80;
n_shelf_types = 2;
n_crops = 2;

num_shelves = [
    6, 3
];


crop_shelf_type_compatible = [
    [1, 1],
[1, 1]
];

crop_growth_days = [15, 15];

n_configurations = 3;

crop_growth_day_config = [
    [1, 1, 1, 2, 2, 2, 2, 2, 2, 2, 2, 2, 2, 2, 2],
[1, 1, 1, 3, 3, 3, 3, 3, 3, 3, 3, 3, 3, 3, 3]
];

capacity = [
    [12, 12, 12],
[12, 12, 12]
];

demand = [
    [0, 0, 0, 0, 0, 0, 0, 0, 0, 0, 0, 0, 0, 0, 0, 0, 0, 0, 0, 5, 0, 1, 2, 0, 0, 0, 4, 0, 2, 0, 0, 0, 0, 0, 0, 0, 0, 0, 0, 4, 4, 0, 0, 1, 0, 4, 0, 2, 0, 0, 0, 0, 4, 7, 0, 0, 2, 0, 0, 6, 0, 2, 0, 3, 0, 3, 0, 0, 4, 0, 0, 2, 0, 0, 0, 2, 0, 3, 0, 0],
[0, 0, 0, 0, 0, 0, 0, 0, 0, 0, 0, 0, 0, 0, 0, 1, 0, 5, 0, 0, 2, 0, 0, 0, 5, 6, 0, 0, 0, 0, 3, 0, 0, 0, 1, 0, 0, 0, 3, 0, 0, 0, 0, 0, 0, 0, 5, 0, 0, 0, 3, 0, 0, 8, 3, 1, 0, 3, 0, 0, 0, 0, 2, 1, 0, 2, 0, 0, 0, 0, 0, 0, 3, 3, 0, 3, 0, 0, 0, 0]
];
