output_file = "9-2-BC-80-1.40-512.csv";

n_days = 80;
n_shelf_types = 2;
n_crops = 2;

num_shelves = [
    6, 3
];


crop_shelf_type_compatible = [
    [1, 1],
[1, 1]
];

crop_growth_days = [15, 15];

n_configurations = 3;

crop_growth_day_config = [
    [1, 1, 1, 2, 2, 2, 2, 2, 2, 2, 2, 2, 2, 2, 2],
[1, 1, 1, 3, 3, 3, 3, 3, 3, 3, 3, 3, 3, 3, 3]
];

capacity = [
    [12, 12, 12],
[12, 12, 12]
];

demand = [
    [0, 0, 0, 0, 0, 0, 0, 0, 0, 0, 0, 0, 0, 0, 0, 0, 7, 12, 0, 0, 8, 12, 0, 0, 0, 22, 0, 4, 0, 8, 0, 28, 0, 0, 0, 5, 11, 8, 0, 0, 0, 0, 0, 14, 0, 22, 19, 12, 0, 0, 12, 0, 25, 0, 19, 0, 7, 0, 0, 0, 0, 0, 0, 12, 0, 0, 0, 12, 0, 4, 0, 0, 0, 0, 26, 15, 0, 0, 9, 11],
[0, 0, 0, 0, 0, 0, 0, 0, 0, 0, 0, 0, 0, 0, 0, 8, 0, 0, 0, 19, 8, 9, 0, 0, 15, 16, 0, 0, 11, 0, 0, 0, 0, 0, 2, 0, 7, 9, 28, 0, 0, 0, 0, 0, 11, 0, 0, 9, 0, 0, 11, 7, 0, 14, 21, 0, 0, 0, 12, 0, 0, 0, 0, 0, 11, 0, 0, 0, 0, 4, 11, 0, 0, 19, 26, 0, 8, 9, 0, 0]
];


missed_demand_penalty = [
    [0, 0, 0, 0, 0, 0, 0, 0, 0, 0, 0, 0, 0, 0, 0, 0, 1, 1, 0, 0, 1, 1, 0, 0, 0, 1, 0, 1, 0, 1, 0, 1, 0, 0, 0, 1, 1, 1, 0, 0, 0, 0, 0, 1, 0, 1, 1, 1, 0, 0, 1, 0, 1, 0, 1, 0, 1, 0, 0, 0, 0, 0, 0, 1, 0, 0, 0, 1, 0, 1, 0, 0, 0, 0, 1, 1, 0, 0, 1, 1],
[0, 0, 0, 0, 0, 0, 0, 0, 0, 0, 0, 0, 0, 0, 0, 1, 0, 0, 0, 1, 1, 1, 0, 0, 1, 1, 0, 0, 1, 0, 0, 0, 0, 0, 1, 0, 1, 1, 1, 0, 0, 0, 0, 0, 1, 0, 0, 1, 0, 0, 1, 1, 0, 1, 1, 0, 0, 0, 1, 0, 0, 0, 0, 0, 1, 0, 0, 0, 0, 1, 1, 0, 0, 1, 1, 0, 1, 1, 0, 0]
];