output_file = "9-2-BE-100-1.80-640.csv";

n_days = 100;
n_shelf_types = 2;
n_crops = 2;

num_shelves = [
    6, 3
];


crop_shelf_type_compatible = [
    [1, 1],
[1, 1]
];

crop_growth_days = [15, 35];

n_configurations = 6;

crop_growth_day_config = [
    [1, 1, 1, 2, 2, 2, 2, 2, 2, 2, 2, 2, 2, 2, 2, -1, -1, -1, -1, -1, -1, -1, -1, -1, -1, -1, -1, -1, -1, -1, -1, -1, -1, -1, -1],
[3, 3, 3, 3, 3, 3, 3, 4, 4, 4, 4, 4, 4, 4, 4, 4, 4, 5, 5, 5, 5, 5, 5, 5, 5, 5, 5, 5, 5, 5, 5, 6, 6, 6, 6]
];

capacity = [
    [12, 12, 12, 12, 12, 12],
[12, 12, 12, 12, 12, 12]
];

demand = [
    [0, 0, 0, 0, 0, 0, 0, 0, 0, 0, 0, 0, 0, 0, 0, 0, 7, 14, 23, 21, 7, 14, 14, 0, 27, 0, 23, 0, 12, 0, 0, 0, 19, 21, 7, 0, 0, 0, 0, 28, 0, 0, 9, 9, 0, 30, 0, 23, 0, 10, 0, 18, 23, 25, 19, 7, 16, 7, 0, 19, 0, 0, 10, 0, 0, 18, 0, 0, 23, 3, 0, 0, 0, 0, 0, 0, 0, 0, 16, 18, 0, 21, 0, 9, 0, 12, 0, 14, 0, 27, 0, 0, 16, 12, 0, 0, 27, 0, 0, 0],
[0, 0, 0, 0, 0, 0, 0, 0, 0, 0, 0, 0, 0, 0, 0, 0, 0, 0, 0, 0, 0, 0, 0, 0, 0, 0, 0, 0, 0, 0, 0, 0, 0, 0, 0, 0, 0, 14, 30, 0, 0, 0, 0, 0, 18, 0, 0, 19, 0, 16, 14, 18, 0, 0, 0, 3, 14, 0, 0, 0, 0, 0, 5, 0, 0, 0, 0, 0, 0, 9, 0, 0, 18, 27, 0, 23, 10, 0, 10, 0, 0, 0, 0, 7, 0, 0, 9, 0, 27, 12, 0, 0, 0, 0, 32, 32, 0, 5, 7, 12]
];


missed_demand_penalty = [
    [0, 0, 0, 0, 0, 0, 0, 0, 0, 0, 0, 0, 0, 0, 0, 0, 1, 1, 1, 1, 1, 1, 1, 0, 1, 0, 1, 0, 1, 0, 0, 0, 1, 1, 1, 0, 0, 0, 0, 1, 0, 0, 1, 1, 0, 1, 0, 1, 0, 1, 0, 1, 1, 1, 1, 1, 1, 1, 0, 1, 0, 0, 1, 0, 0, 1, 0, 0, 1, 1, 0, 0, 0, 0, 0, 0, 0, 0, 1, 1, 0, 1, 0, 1, 0, 1, 0, 1, 0, 1, 0, 0, 1, 1, 0, 0, 1, 0, 0, 0],
[0, 0, 0, 0, 0, 0, 0, 0, 0, 0, 0, 0, 0, 0, 0, 0, 0, 0, 0, 0, 0, 0, 0, 0, 0, 0, 0, 0, 0, 0, 0, 0, 0, 0, 0, 0, 0, 1, 1, 0, 0, 0, 0, 0, 1, 0, 0, 1, 0, 1, 1, 1, 0, 0, 0, 1, 1, 0, 0, 0, 0, 0, 1, 0, 0, 0, 0, 0, 0, 1, 0, 0, 1, 1, 0, 1, 1, 0, 1, 0, 0, 0, 0, 1, 0, 0, 1, 0, 1, 1, 0, 0, 0, 0, 1, 1, 0, 1, 1, 1]
];