output_file = "9-2-BC-80-1.00-510.csv";

n_days = 80;
n_shelf_types = 2;
n_crops = 2;

num_shelves = [
    6, 3
];


crop_shelf_type_compatible = [
    [1, 1],
[1, 1]
];

crop_growth_days = [15, 15];

n_configurations = 3;

crop_growth_day_config = [
    [1, 1, 1, 2, 2, 2, 2, 2, 2, 2, 2, 2, 2, 2, 2],
[1, 1, 1, 3, 3, 3, 3, 3, 3, 3, 3, 3, 3, 3, 3]
];

capacity = [
    [12, 12, 12],
[12, 12, 12]
];

demand = [
    [0, 0, 0, 0, 0, 0, 0, 0, 0, 0, 0, 0, 0, 0, 0, 0, 0, 0, 0, 14, 0, 5, 0, 0, 0, 13, 11, 0, 0, 0, 0, 0, 0, 0, 2, 0, 9, 0, 0, 0, 0, 5, 0, 10, 0, 0, 0, 0, 0, 4, 7, 0, 0, 10, 0, 0, 7, 7, 0, 0, 20, 9, 0, 4, 6, 0, 0, 0, 0, 0, 0, 0, 9, 0, 0, 11, 0, 0, 6, 9],
[0, 0, 0, 0, 0, 0, 0, 0, 0, 0, 0, 0, 0, 0, 0, 7, 8, 11, 0, 11, 0, 5, 0, 7, 9, 0, 12, 3, 0, 0, 10, 13, 0, 0, 4, 0, 0, 0, 12, 0, 0, 5, 0, 0, 7, 11, 0, 0, 4, 5, 0, 9, 0, 21, 0, 5, 0, 5, 6, 19, 0, 14, 0, 0, 6, 0, 11, 0, 0, 6, 0, 4, 0, 9, 0, 0, 0, 9, 0, 0]
];


missed_demand_penalty = [
    [0, 0, 0, 0, 0, 0, 0, 0, 0, 0, 0, 0, 0, 0, 0, 0, 0, 0, 0, 1, 0, 1, 0, 0, 0, 1, 1, 0, 0, 0, 0, 0, 0, 0, 1, 0, 1, 0, 0, 0, 0, 1, 0, 1, 0, 0, 0, 0, 0, 1, 1, 0, 0, 1, 0, 0, 1, 1, 0, 0, 1, 1, 0, 1, 1, 0, 0, 0, 0, 0, 0, 0, 1, 0, 0, 1, 0, 0, 1, 1],
[0, 0, 0, 0, 0, 0, 0, 0, 0, 0, 0, 0, 0, 0, 0, 1, 1, 1, 0, 1, 0, 1, 0, 1, 1, 0, 1, 1, 0, 0, 1, 1, 0, 0, 1, 0, 0, 0, 1, 0, 0, 1, 0, 0, 1, 1, 0, 0, 1, 1, 0, 1, 0, 1, 0, 1, 0, 1, 1, 1, 0, 1, 0, 0, 1, 0, 1, 0, 0, 1, 0, 1, 0, 1, 0, 0, 0, 1, 0, 0]
];